"X.U.091F..U.0947..U.092C..U.0941..U.0932."	"X.U.092E..U.0924..U.0926..U.093E..U.0928."	"X..U.0928...U.0928...U.0932.f..U.0916..U.0924...U.0915..U.0947....U.092A....U.092E.....U.0926..U.092F..U.0947...U.0917..U.090F....U.0935...U.0927..U.092E..U.093E...U.092F...U.092E..U.0924....U.0915....U.0938..U.0902...U.092F..U.093E."	"X."	"X..1"	"X..2"	"X..3"	"X..4"	"X..5"	"X..6"	"X..7"	"X..8"	"X..9"	"X..10"	"X..11"	"X..12"	"X..13"	"X..14"	"X.U.0915..U.0941...U.0932."	"X...U.0924...U.0947...U.092A..U.0924."	"X.U.092F..U.094B..U.0917."	"X..U.0928...U.0935..U.0926..U.0924."	"X17..U.0938..U.0940...U.092E..U.0947."
"1"	"<U+0938><U+0902>0"	"<U+0915><U+0947>   <U+0915>  <U+0938><U+0902>0"	""	""	""	""	""	""	""	""	""	""	""	""	""	""	""	""	" <U+0935> <U+0927><U+092E><U+093E>
 <U+092F> <U+092E><U+0924>"	"<U+092E><U+0924><U+094B>
<U+0915>  <U+0938><U+0902> <U+092F><U+093E>"	""	"<U+092E><U+0924><U+094B> <U+0915> 
<U+0938><U+0902> <U+092F><U+093E>"	"<U+0939> <U+0924><U+093E> <U+0930> <U+0915><U+0947>  <U+092C><U+093E><U+0926> <U+092E><U+0924><U+0926><U+093E><U+0928> <U+0938><U+0947> <U+0907><U+0928><U+0915><U+093E><U+0930> <U+0915><U+0930><U+0928><U+0947> <U+0935><U+093E><U+0932>  <U+0915>  <U+0938><U+0902> <U+092F><U+093E>"
"2"	""	""	"<U+0905><U+0935><U+0927><U+0947><U+0936>
<U+0915><U+0941> <U+092E><U+093E><U+0930>  <U+0938><U+0902><U+0939>"	"<U+0909><U+092A><U+0947>  
<U+0915><U+0941> <U+092E><U+093E><U+0930> <U+0936><U+092E><U+093E> "	"<U+0915><U+093E><U+0902> <U+0924>
 <U+0938><U+0902><U+0939>"	"<U+092E><U+0939><U+093E><U+092C><U+0932> 
 <U+0938><U+0902><U+0939>"	"<U+0905><U+091C><U+092F> <U+0915><U+0941> <U+092E><U+093E><U+0930>"	" <U+092F><U+094B> <U+0924> <U+0930><U+093F> <U+092E>"	"<U+092E><U+0941>  <U+0915><U+093E> <U+092F><U+093E><U+0926><U+0935>"	"<U+0930><U+093E><U+091C>
 <U+0915><U+0936><U+094B><U+0930>
 <U+092E> "	"<U+0930><U+093E><U+091C><U+093E> <U+0930><U+093E><U+092E>
 <U+0938><U+0902><U+0939>"	"<U+092E><U+0941>0 <U+0936><U+092E><U+0940><U+0909> <U+0932><U+093E><U+0939>
<U+092E><U+0902><U+0938><U+0942><U+0930> "	"<U+0908>0 <U+0905> <U+0926><U+0941><U+0932> <U+0938><U+0924><U+093E><U+0930>"	"<U+0905><U+092E><U+093E><U+0935><U+0938> <U+0930><U+093E><U+092E>"	" <U+094B>0 <U+0915><U+093E><U+092E><U+0924><U+093E>
 <U+0938><U+093E><U+0926> <U+092F><U+093E><U+0926><U+0935>"	" <U+0917> <U+0930><U+0936> <U+0928><U+093E><U+0930><U+093E><U+092F><U+0923>
 <U+0938><U+0902><U+0939>"	"<U+0938><U+0924><U+0940><U+0936> <U+092A><U+093E> <U+0921><U+0947><U+092F>"	"<U+0939> <U+0930>
 <U+0938><U+093E><U+0926>
 <U+0938><U+0902><U+0939>"	""	""	""	""	""
"3"	""	""	"1"	"2"	"3"	"4"	"5"	"6"	"7"	"8"	"9"	"10"	"11"	"12"	"13"	"14"	"15"	"16"	""	""	""	""	""
"4"	"1"	"1"	"19"	"6"	"123"	"402"	"6"	"31"	"0"	"6"	"120"	"6"	"19"	"2"	"13"	"3"	"2"	"3"	"761"	"0"	"761"	"0"	"0"
"5"	"2"	"2"	"40"	"7"	"78"	"182"	"12"	"17"	"2"	"7"	"153"	"9"	"17"	"5"	"10"	"2"	"1"	"9"	"551"	"0"	"551"	"0"	"0"
"6"	"3"	"3"	"31"	"4"	"118"	"142"	"9"	"6"	"3"	"10"	"163"	"4"	"11"	"2"	"10"	"1"	"3"	"4"	"521"	"0"	"521"	"0"	"0"
"7"	"4"	"4"	"67"	"2"	"110"	"151"	"8"	"1"	"2"	"7"	"239"	"6"	"12"	"1"	"3"	"1"	"1"	"9"	"620"	"0"	"620"	"0"	"0"
"8"	"5"	"5"	"23"	"5"	"140"	"169"	"15"	"7"	"2"	"13"	"100"	"7"	"8"	"5"	"6"	"12"	"2"	"12"	"526"	"0"	"526"	"0"	"0"
"9"	"6"	"6"	"6"	"3"	"113"	"94"	"6"	"4"	"1"	"5"	"58"	"6"	"5"	"0"	"4"	"4"	"1"	"7"	"317"	"0"	"317"	"0"	"0"
"10"	"7"	"7"	"22"	"4"	"122"	"283"	"2"	"16"	"3"	"2"	"65"	"2"	"16"	"3"	"7"	"2"	"0"	"3"	"552"	"0"	"552"	"0"	"0"
"11"	"8"	"8"	"39"	"1"	"83"	"351"	"9"	"23"	"1"	"5"	"59"	"4"	"11"	"5"	"12"	"3"	"0"	"6"	"612"	"0"	"612"	"0"	"0"
"12"	"9"	"9"	"44"	"3"	"65"	"498"	"10"	"9"	"1"	"1"	"34"	"2"	"12"	"2"	"4"	"0"	"2"	"2"	"689"	"0"	"689"	"0"	"0"
"13"	"10"	"10"	"8"	"1"	"19"	"173"	"4"	"5"	"0"	"3"	"71"	"4"	"11"	"0"	"3"	"1"	"0"	"1"	"304"	"0"	"304"	"0"	"0"
"14"	"11"	"11"	"10"	"1"	"42"	"75"	"5"	"3"	"1"	"1"	"55"	"1"	"1"	"0"	"1"	"0"	"0"	"1"	"197"	"0"	"197"	"0"	"0"
"15"	"12"	"12"	"15"	"34"	"194"	"131"	"3"	"8"	"3"	"8"	"161"	"11"	"13"	"7"	"11"	"14"	"6"	"10"	"629"	"0"	"629"	"0"	"0"
"16"	"13"	"13"	"3"	"0"	"31"	"82"	"11"	"2"	"2"	"3"	"40"	"6"	"6"	"1"	"1"	"1"	"2"	"0"	"191"	"0"	"191"	"0"	"0"
"17"	"14"	"14"	"2"	"8"	"24"	"122"	"6"	"2"	"1"	"21"	"158"	"6"	"12"	"2"	"7"	"4"	"1"	"2"	"378"	"0"	"378"	"0"	"0"
"18"	"<U+092F><U+094B><U+0917>"	""	"329"	"79"	"1262"	"2855"	"106"	"134"	"22"	"92"	"1476"	"74"	"154"	"35"	"92"	"48"	"21"	"69"	"6848"	"0"	"6848"	"0"	"0"
"19"	"1"	"15"	"4"	"1"	"33"	"294"	"6"	"10"	"2"	"7"	"41"	"3"	"6"	"3"	"7"	"2"	"1"	"1"	"421"	"0"	"421"	"0"	"0"
"20"	"2"	"16"	"18"	"2"	"37"	"204"	"3"	"5"	"0"	"4"	"23"	"5"	"4"	"3"	"7"	"4"	"0"	"1"	"320"	"0"	"320"	"0"	"0"
"21"	"<U+091F><U+0947><U+092C><U+0941><U+0932>"	"<U+092E><U+0924><U+0926><U+093E><U+0928>"	" <U+0928> <U+0928> <U+0932>f'<U+0916><U+0924> <U+0915><U+0947>  <U+092A>  <U+092E>   <U+0926><U+092F><U+0947> <U+0917><U+090F>  <U+0935> <U+0927><U+092E><U+093E> <U+092F> <U+092E><U+0924>  <U+0915>  <U+0938><U+0902> <U+092F><U+093E>"	""	""	""	""	""	""	""	""	""	""	""	""	""	""	""	"<U+0915><U+0941> <U+0932>"	"  <U+0924> <U+0947> <U+092A><U+0924>"	"<U+092F><U+094B><U+0917>"	" <U+0928> <U+0935><U+0926><U+0924>"	"17 <U+0938><U+0940> <U+092E><U+0947>"
"22"	"<U+0938><U+0902>0"	"<U+0915><U+0947>   <U+0915>  <U+0938><U+0902>0"	""	""	""	""	""	""	""	""	""	""	""	""	""	""	""	""	" <U+0935> <U+0927><U+092E><U+093E>
 <U+092F> <U+092E><U+0924>"	"<U+092E><U+0924><U+094B>
<U+0915>  <U+0938><U+0902> <U+092F><U+093E>"	""	"<U+092E><U+0924><U+094B> <U+0915> 
<U+0938><U+0902> <U+092F><U+093E>"	"<U+0939> <U+0924><U+093E> <U+0930> <U+0915><U+0947>  <U+092C><U+093E><U+0926> <U+092E><U+0924><U+0926><U+093E><U+0928> <U+0938><U+0947> <U+0907><U+0928><U+0915><U+093E><U+0930> <U+0915><U+0930><U+0928><U+0947> <U+0935><U+093E><U+0932>  <U+0915>  <U+0938><U+0902> <U+092F><U+093E>"
"23"	""	""	"<U+0905><U+0935><U+0927><U+0947><U+0936>
<U+0915><U+0941> <U+092E><U+093E><U+0930>  <U+0938><U+0902><U+0939>"	"<U+0909><U+092A><U+0947>  
<U+0915><U+0941> <U+092E><U+093E><U+0930> <U+0936><U+092E><U+093E> "	"<U+0915><U+093E><U+0902> <U+0924>
 <U+0938><U+0902><U+0939>"	"<U+092E><U+0939><U+093E><U+092C><U+0932> 
 <U+0938><U+0902><U+0939>"	"<U+0905><U+091C><U+092F> <U+0915><U+0941> <U+092E><U+093E><U+0930>"	" <U+092F><U+094B> <U+0924> <U+0930><U+093F> <U+092E>"	"<U+092E><U+0941>  <U+0915><U+093E> <U+092F><U+093E><U+0926><U+0935>"	"<U+0930><U+093E><U+091C>
 <U+0915><U+0936><U+094B><U+0930>
 <U+092E> "	"<U+0930><U+093E><U+091C><U+093E> <U+0930><U+093E><U+092E>
 <U+0938><U+0902><U+0939>"	"<U+092E><U+0941>0 <U+0936><U+092E><U+0940><U+0909> <U+0932><U+093E><U+0939>
<U+092E><U+0902><U+0938><U+0942><U+0930> "	"<U+0908>0 <U+0905> <U+0926><U+0941><U+0932> <U+0938><U+0924><U+093E><U+0930>"	"<U+0905><U+092E><U+093E><U+0935><U+0938> <U+0930><U+093E><U+092E>"	" <U+094B>0 <U+0915><U+093E><U+092E><U+0924><U+093E>
 <U+0938><U+093E><U+0926> <U+092F><U+093E><U+0926><U+0935>"	" <U+0917> <U+0930><U+0936> <U+0928><U+093E><U+0930><U+093E><U+092F><U+0923>
 <U+0938><U+0902><U+0939>"	"<U+0938><U+0924><U+0940><U+0936> <U+092A><U+093E> <U+0921><U+0947><U+092F>"	"<U+0939> <U+0930>
 <U+0938><U+093E><U+0926>
 <U+0938><U+0902><U+0939>"	""	""	""	""	""
"24"	"3"	"17"	"4"	"2"	"19"	"423"	"6"	"7"	"1"	"0"	"18"	"1"	"2"	"1"	"1"	"0"	"1"	"0"	"486"	"0"	"486"	"0"	"0"
"25"	"4"	"18"	"9"	"2"	"80"	"215"	"8"	"2"	"1"	"3"	"13"	"3"	"5"	"0"	"1"	"0"	"1"	"3"	"346"	"0"	"346"	"0"	"0"
"26"	"5"	"19"	"34"	"9"	"109"	"261"	"8"	"12"	"2"	"2"	"36"	"2"	"3"	"1"	"4"	"0"	"1"	"0"	"484"	"0"	"484"	"0"	"0"
"27"	"6"	"20"	"31"	"3"	"40"	"250"	"1"	"2"	"0"	"2"	"19"	"1"	"8"	"2"	"10"	"1"	"2"	"1"	"373"	"0"	"373"	"0"	"0"
"28"	"7"	"21"	"25"	"18"	"62"	"236"	"16"	"67"	"4"	"11"	"105"	"7"	"18"	"4"	"7"	"6"	"6"	"17"	"609"	"0"	"609"	"0"	"0"
"29"	"8"	"22"	"6"	"2"	"116"	"28"	"0"	"2"	"1"	"0"	"1"	"0"	"1"	"0"	"0"	"1"	"1"	"0"	"159"	"0"	"159"	"0"	"0"
"30"	"9"	"23"	"12"	"5"	"226"	"218"	"10"	"1"	"2"	"8"	"80"	"4"	"11"	"6"	"4"	"7"	"2"	"7"	"603"	"0"	"603"	"0"	"0"
"31"	"10"	"24"	"7"	"1"	"725"	"72"	"1"	"0"	"0"	"1"	"25"	"0"	"0"	"0"	"3"	"0"	"0"	"1"	"836"	"0"	"836"	"0"	"0"
"32"	"11"	"25"	"36"	"156"	"42"	"247"	"12"	"2"	"2"	"0"	"17"	"1"	"6"	"1"	"7"	"1"	"0"	"1"	"531"	"0"	"531"	"0"	"0"
"33"	"12"	"26"	"7"	"77"	"131"	"83"	"11"	"2"	"3"	"7"	"212"	"5"	"16"	"3"	"4"	"8"	"4"	"7"	"580"	"0"	"580"	"0"	"0"
"34"	"13"	"27"	"4"	"50"	"76"	"232"	"4"	"1"	"2"	"1"	"0"	"0"	"0"	"0"	"0"	"1"	"0"	"1"	"372"	"0"	"372"	"0"	"0"
"35"	"14"	"28"	"8"	"77"	"23"	"88"	"0"	"2"	"1"	"0"	"0"	"0"	"1"	"0"	"2"	"0"	"1"	"1"	"204"	"0"	"204"	"0"	"0"
"36"	"<U+092F><U+094B><U+0917>"	""	"205"	"405"	"1719"	"2851"	"86"	"115"	"21"	"46"	"590"	"32"	"81"	"24"	"57"	"31"	"20"	"41"	"6324"	"0"	"6324"	"0"	"0"
"37"	"1"	"29"	"4"	"276"	"20"	"113"	"3"	"0"	"0"	"1"	"2"	"0"	"6"	"1"	"0"	"1"	"0"	"1"	"428"	"0"	"428"	"0"	"0"
"38"	"2"	"30"	"24"	"279"	"151"	"138"	"4"	"3"	"1"	"0"	"2"	"1"	"2"	"0"	"0"	"0"	"1"	"4"	"610"	"0"	"610"	"0"	"0"
"39"	"3"	"31"	"19"	"20"	"197"	"178"	"2"	"0"	"0"	"2"	"64"	"1"	"0"	"0"	"1"	"0"	"0"	"1"	"485"	"0"	"485"	"0"	"0"
"40"	"4"	"32"	"72"	"15"	"43"	"239"	"6"	"3"	"0"	"2"	"19"	"1"	"7"	"15"	"14"	"5"	"4"	"15"	"460"	"0"	"460"	"0"	"0"
"41"	"5"	"33"	"23"	"12"	"21"	"115"	"4"	"1"	"0"	"0"	"58"	"1"	"4"	"0"	"0"	"0"	"1"	"0"	"240"	"0"	"240"	"0"	"0"
"42"	"<U+091F><U+0947><U+092C><U+0941><U+0932>"	"<U+092E><U+0924><U+0926><U+093E><U+0928>"	" <U+0928> <U+0928> <U+0932>f'<U+0916><U+0924> <U+0915><U+0947>  <U+092A>  <U+092E>   <U+0926><U+092F><U+0947> <U+0917><U+090F>  <U+0935> <U+0927><U+092E><U+093E> <U+092F> <U+092E><U+0924>  <U+0915>  <U+0938><U+0902> <U+092F><U+093E>"	""	""	""	""	""	""	""	""	""	""	""	""	""	""	""	"<U+0915><U+0941> <U+0932>"	"  <U+0924> <U+0947> <U+092A><U+0924>"	"<U+092F><U+094B><U+0917>"	" <U+0928> <U+0935><U+0926><U+0924>"	"17 <U+0938><U+0940> <U+092E><U+0947>"
"43"	"<U+0938><U+0902>0"	"<U+0915><U+0947>   <U+0915>  <U+0938><U+0902>0"	""	""	""	""	""	""	""	""	""	""	""	""	""	""	""	""	" <U+0935> <U+0927><U+092E><U+093E>
 <U+092F> <U+092E><U+0924>"	"<U+092E><U+0924><U+094B>
<U+0915>  <U+0938><U+0902> <U+092F><U+093E>"	""	"<U+092E><U+0924><U+094B> <U+0915> 
<U+0938><U+0902> <U+092F><U+093E>"	"<U+0939> <U+0924><U+093E> <U+0930> <U+0915><U+0947>  <U+092C><U+093E><U+0926> <U+092E><U+0924><U+0926><U+093E><U+0928> <U+0938><U+0947> <U+0907><U+0928><U+0915><U+093E><U+0930> <U+0915><U+0930><U+0928><U+0947> <U+0935><U+093E><U+0932>  <U+0915>  <U+0938><U+0902> <U+092F><U+093E>"
"44"	""	""	"<U+0905><U+0935><U+0927><U+0947><U+0936>
<U+0915><U+0941> <U+092E><U+093E><U+0930>  <U+0938><U+0902><U+0939>"	"<U+0909><U+092A><U+0947>  
<U+0915><U+0941> <U+092E><U+093E><U+0930> <U+0936><U+092E><U+093E> "	"<U+0915><U+093E><U+0902> <U+0924>
 <U+0938><U+0902><U+0939>"	"<U+092E><U+0939><U+093E><U+092C><U+0932> 
 <U+0938><U+0902><U+0939>"	"<U+0905><U+091C><U+092F> <U+0915><U+0941> <U+092E><U+093E><U+0930>"	" <U+092F><U+094B> <U+0924> <U+0930><U+093F> <U+092E>"	"<U+092E><U+0941>  <U+0915><U+093E> <U+092F><U+093E><U+0926><U+0935>"	"<U+0930><U+093E><U+091C>
 <U+0915><U+0936><U+094B><U+0930>
 <U+092E> "	"<U+0930><U+093E><U+091C><U+093E> <U+0930><U+093E><U+092E>
 <U+0938><U+0902><U+0939>"	"<U+092E><U+0941>0 <U+0936><U+092E><U+0940><U+0909> <U+0932><U+093E><U+0939>
<U+092E><U+0902><U+0938><U+0942><U+0930> "	"<U+0908>0 <U+0905> <U+0926><U+0941><U+0932> <U+0938><U+0924><U+093E><U+0930>"	"<U+0905><U+092E><U+093E><U+0935><U+0938> <U+0930><U+093E><U+092E>"	" <U+094B>0 <U+0915><U+093E><U+092E><U+0924><U+093E>
 <U+0938><U+093E><U+0926> <U+092F><U+093E><U+0926><U+0935>"	" <U+0917> <U+0930><U+0936> <U+0928><U+093E><U+0930><U+093E><U+092F><U+0923>
 <U+0938><U+0902><U+0939>"	"<U+0938><U+0924><U+0940><U+0936> <U+092A><U+093E> <U+0921><U+0947><U+092F>"	"<U+0939> <U+0930>
 <U+0938><U+093E><U+0926>
 <U+0938><U+0902><U+0939>"	""	""	""	""	""
"45"	"6"	"34"	"21"	"82"	"69"	"105"	"10"	"2"	"2"	"0"	"34"	"2"	"13"	"1"	"7"	"1"	"1"	"7"	"357"	"0"	"357"	"0"	"0"
"46"	"7"	"35"	"61"	"71"	"13"	"171"	"8"	"1"	"1"	"0"	"28"	"2"	"3"	"1"	"1"	"2"	"2"	"6"	"371"	"0"	"371"	"0"	"0"
"47"	"8"	"36"	"50"	"18"	"13"	"68"	"7"	"2"	"2"	"8"	"101"	"8"	"7"	"2"	"2"	"0"	"0"	"3"	"291"	"0"	"291"	"0"	"0"
"48"	"9"	"37"	"16"	"47"	"7"	"31"	"0"	"0"	"0"	"0"	"0"	"0"	"0"	"0"	"0"	"0"	"0"	"0"	"101"	"0"	"101"	"0"	"0"
"49"	"10"	"38"	"1"	"2"	"384"	"58"	"1"	"1"	"0"	"0"	"11"	"0"	"1"	"0"	"3"	"0"	"0"	"0"	"462"	"0"	"462"	"0"	"0"
"50"	"11"	"39"	"33"	"14"	"63"	"239"	"10"	"4"	"4"	"5"	"41"	"2"	"5"	"3"	"0"	"2"	"0"	"4"	"429"	"0"	"429"	"0"	"0"
"51"	"12"	"40"	"5"	"79"	"53"	"294"	"2"	"2"	"0"	"0"	"3"	"0"	"3"	"0"	"1"	"1"	"1"	"2"	"446"	"0"	"446"	"0"	"0"
"52"	"13"	"41"	"11"	"57"	"64"	"141"	"1"	"0"	"2"	"1"	"16"	"2"	"1"	"0"	"0"	"3"	"0"	"0"	"299"	"0"	"299"	"0"	"0"
"53"	"14"	"42"	"16"	"33"	"95"	"184"	"6"	"0"	"1"	"2"	"94"	"0"	"4"	"2"	"3"	"0"	"1"	"2"	"443"	"0"	"443"	"0"	"0"
"54"	"<U+092F><U+094B><U+0917>"	""	"356"	"1005"	"1193"	"2074"	"64"	"19"	"13"	"21"	"473"	"20"	"56"	"25"	"32"	"15"	"11"	"45"	"5422"	"0"	"5422"	"0"	"0"
"55"	"1"	"43"	"27"	"0"	"93"	"232"	"3"	"2"	"0"	"0"	"25"	"0"	"1"	"0"	"0"	"0"	"0"	"0"	"383"	"0"	"383"	"0"	"0"
"56"	"2"	"44"	"5"	"0"	"15"	"180"	"5"	"2"	"0"	"1"	"66"	"2"	"2"	"0"	"1"	"2"	"0"	"0"	"281"	"0"	"281"	"0"	"0"
"57"	"3"	"45"	"18"	"14"	"158"	"215"	"9"	"0"	"0"	"4"	"44"	"0"	"2"	"0"	"0"	"0"	"1"	"2"	"467"	"0"	"467"	"0"	"0"
"58"	"4"	"46"	"9"	"23"	"33"	"63"	"2"	"1"	"1"	"1"	"11"	"2"	"4"	"0"	"2"	"2"	"0"	"0"	"154"	"0"	"154"	"0"	"0"
"59"	"5"	"47"	"15"	"1"	"58"	"407"	"9"	"3"	"2"	"4"	"33"	"8"	"8"	"2"	"4"	"1"	"1"	"14"	"570"	"0"	"570"	"0"	"0"
"60"	"6"	"48"	"2"	"1"	"10"	"140"	"11"	"1"	"3"	"7"	"218"	"8"	"4"	"1"	"1"	"0"	"0"	"1"	"408"	"0"	"408"	"0"	"0"
"61"	"7"	"49"	"14"	"32"	"29"	"421"	"2"	"1"	"0"	"1"	"13"	"0"	"0"	"0"	"0"	"0"	"1"	"1"	"515"	"0"	"515"	"0"	"0"
"62"	"8"	"50"	"35"	"79"	"108"	"156"	"5"	"1"	"3"	"1"	"78"	"2"	"1"	"1"	"0"	"2"	"0"	"0"	"472"	"0"	"472"	"0"	"0"
"63"	"<U+091F><U+0947><U+092C><U+0941><U+0932>"	"<U+092E><U+0924><U+0926><U+093E><U+0928>"	" <U+0928> <U+0928> <U+0932>f'<U+0916><U+0924> <U+0915><U+0947>  <U+092A>  <U+092E>   <U+0926><U+092F><U+0947> <U+0917><U+090F>  <U+0935> <U+0927><U+092E><U+093E> <U+092F> <U+092E><U+0924>  <U+0915>  <U+0938><U+0902> <U+092F><U+093E>"	""	""	""	""	""	""	""	""	""	""	""	""	""	""	""	"<U+0915><U+0941> <U+0932>"	"  <U+0924> <U+0947> <U+092A><U+0924>"	"<U+092F><U+094B><U+0917>"	" <U+0928> <U+0935><U+0926><U+0924>"	"17 <U+0938><U+0940> <U+092E><U+0947>"
"64"	"<U+0938><U+0902>0"	"<U+0915><U+0947>   <U+0915>  <U+0938><U+0902>0"	""	""	""	""	""	""	""	""	""	""	""	""	""	""	""	""	" <U+0935> <U+0927><U+092E><U+093E>
 <U+092F> <U+092E><U+0924>"	"<U+092E><U+0924><U+094B>
<U+0915>  <U+0938><U+0902> <U+092F><U+093E>"	""	"<U+092E><U+0924><U+094B> <U+0915> 
<U+0938><U+0902> <U+092F><U+093E>"	"<U+0939> <U+0924><U+093E> <U+0930> <U+0915><U+0947>  <U+092C><U+093E><U+0926> <U+092E><U+0924><U+0926><U+093E><U+0928> <U+0938><U+0947> <U+0907><U+0928><U+0915><U+093E><U+0930> <U+0915><U+0930><U+0928><U+0947> <U+0935><U+093E><U+0932>  <U+0915>  <U+0938><U+0902> <U+092F><U+093E>"
"65"	""	""	"<U+0905><U+0935><U+0927><U+0947><U+0936>
<U+0915><U+0941> <U+092E><U+093E><U+0930>  <U+0938><U+0902><U+0939>"	"<U+0909><U+092A><U+0947>  
<U+0915><U+0941> <U+092E><U+093E><U+0930> <U+0936><U+092E><U+093E> "	"<U+0915><U+093E><U+0902> <U+0924>
 <U+0938><U+0902><U+0939>"	"<U+092E><U+0939><U+093E><U+092C><U+0932> 
 <U+0938><U+0902><U+0939>"	"<U+0905><U+091C><U+092F> <U+0915><U+0941> <U+092E><U+093E><U+0930>"	" <U+092F><U+094B> <U+0924> <U+0930><U+093F> <U+092E>"	"<U+092E><U+0941>  <U+0915><U+093E> <U+092F><U+093E><U+0926><U+0935>"	"<U+0930><U+093E><U+091C>
 <U+0915><U+0936><U+094B><U+0930>
 <U+092E> "	"<U+0930><U+093E><U+091C><U+093E> <U+0930><U+093E><U+092E>
 <U+0938><U+0902><U+0939>"	"<U+092E><U+0941>0 <U+0936><U+092E><U+0940><U+0909> <U+0932><U+093E><U+0939>
<U+092E><U+0902><U+0938><U+0942><U+0930> "	"<U+0908>0 <U+0905> <U+0926><U+0941><U+0932> <U+0938><U+0924><U+093E><U+0930>"	"<U+0905><U+092E><U+093E><U+0935><U+0938> <U+0930><U+093E><U+092E>"	" <U+094B>0 <U+0915><U+093E><U+092E><U+0924><U+093E>
 <U+0938><U+093E><U+0926> <U+092F><U+093E><U+0926><U+0935>"	" <U+0917> <U+0930><U+0936> <U+0928><U+093E><U+0930><U+093E><U+092F><U+0923>
 <U+0938><U+0902><U+0939>"	"<U+0938><U+0924><U+0940><U+0936> <U+092A><U+093E> <U+0921><U+0947><U+092F>"	"<U+0939> <U+0930>
 <U+0938><U+093E><U+0926>
 <U+0938><U+0902><U+0939>"	""	""	""	""	""
"66"	"9"	"51"	"30"	"18"	"26"	"231"	"5"	"3"	"2"	"3"	"7"	"2"	"6"	"2"	"1"	"0"	"0"	"1"	"337"	"0"	"337"	"0"	"0"
"67"	"10"	"52"	"11"	"10"	"105"	"112"	"11"	"2"	"4"	"3"	"49"	"5"	"7"	"0"	"3"	"2"	"0"	"2"	"326"	"0"	"326"	"0"	"0"
"68"	"11"	"53"	"16"	"6"	"37"	"151"	"0"	"3"	"1"	"3"	"62"	"2"	"4"	"5"	"4"	"2"	"1"	"3"	"300"	"0"	"300"	"0"	"0"
"69"	"12"	"54"	"7"	"10"	"77"	"87"	"2"	"0"	"0"	"1"	"54"	"3"	"2"	"0"	"0"	"0"	"0"	"1"	"244"	"0"	"244"	"0"	"0"
"70"	"13"	"55"	"1"	"21"	"126"	"106"	"4"	"1"	"1"	"2"	"46"	"4"	"4"	"1"	"3"	"1"	"2"	"1"	"324"	"0"	"324"	"0"	"0"
"71"	"14"	"56"	"1"	"12"	"385"	"82"	"0"	"1"	"0"	"0"	"18"	"1"	"1"	"0"	"0"	"0"	"1"	"0"	"502"	"0"	"502"	"0"	"0"
"72"	"<U+092F><U+094B><U+0917>"	""	"191"	"227"	"1260"	"2583"	"68"	"21"	"17"	"31"	"724"	"39"	"46"	"12"	"19"	"12"	"7"	"26"	"5283"	"0"	"5283"	"0"	"0"
"73"	"1"	"57"	"3"	"9"	"4"	"528"	"2"	"2"	"1"	"0"	"8"	"1"	"4"	"1"	"0"	"1"	"4"	"0"	"568"	"0"	"568"	"0"	"0"
"74"	"2"	"58"	"0"	"1"	"347"	"45"	"2"	"0"	"0"	"0"	"34"	"0"	"1"	"0"	"0"	"1"	"0"	"0"	"431"	"0"	"431"	"0"	"0"
"75"	"3"	"59"	"7"	"4"	"15"	"247"	"6"	"1"	"2"	"1"	"17"	"7"	"4"	"3"	"13"	"5"	"3"	"8"	"343"	"0"	"343"	"0"	"0"
"76"	"4"	"60"	"20"	"43"	"338"	"35"	"3"	"1"	"2"	"1"	"5"	"1"	"3"	"3"	"2"	"5"	"2"	"4"	"468"	"0"	"468"	"0"	"0"
"77"	"5"	"61"	"6"	"1"	"94"	"325"	"5"	"1"	"0"	"1"	"6"	"0"	"1"	"0"	"0"	"0"	"1"	"1"	"442"	"0"	"442"	"0"	"0"
"78"	"6"	"62"	"3"	"0"	"345"	"68"	"1"	"5"	"0"	"0"	"24"	"0"	"0"	"0"	"0"	"0"	"1"	"1"	"448"	"0"	"448"	"0"	"0"
"79"	"7"	"63"	"21"	"2"	"66"	"147"	"7"	"4"	"2"	"8"	"273"	"4"	"12"	"0"	"4"	"2"	"1"	"6"	"559"	"0"	"559"	"0"	"0"
"80"	"8"	"64"	"15"	"18"	"41"	"190"	"18"	"5"	"8"	"8"	"172"	"12"	"9"	"3"	"5"	"3"	"5"	"6"	"518"	"0"	"518"	"0"	"0"
"81"	"9"	"65"	"36"	"58"	"275"	"165"	"4"	"3"	"2"	"2"	"24"	"1"	"5"	"2"	"2"	"7"	"1"	"3"	"590"	"0"	"590"	"0"	"0"
"82"	"10"	"66"	""	""	""	""	""	""	""	""	""	""	""	""	""	""	""	""	"0"	"0"	"0"	"0"	"0"
"83"	"11"	"67"	"21"	"65"	"134"	"176"	"5"	"1"	"2"	"2"	"9"	"0"	"5"	"3"	"7"	"2"	"0"	"3"	"435"	"0"	"435"	"0"	"0"
"84"	"<U+091F><U+0947><U+092C><U+0941><U+0932>"	"<U+092E><U+0924><U+0926><U+093E><U+0928>"	" <U+0928> <U+0928> <U+0932>f'<U+0916><U+0924> <U+0915><U+0947>  <U+092A>  <U+092E>   <U+0926><U+092F><U+0947> <U+0917><U+090F>  <U+0935> <U+0927><U+092E><U+093E> <U+092F> <U+092E><U+0924>  <U+0915>  <U+0938><U+0902> <U+092F><U+093E>"	""	""	""	""	""	""	""	""	""	""	""	""	""	""	""	"<U+0915><U+0941> <U+0932>"	"  <U+0924> <U+0947> <U+092A><U+0924>"	"<U+092F><U+094B><U+0917>"	" <U+0928> <U+0935><U+0926><U+0924>"	"17 <U+0938><U+0940> <U+092E><U+0947>"
"85"	"<U+0938><U+0902>0"	"<U+0915><U+0947>   <U+0915>  <U+0938><U+0902>0"	""	""	""	""	""	""	""	""	""	""	""	""	""	""	""	""	" <U+0935> <U+0927><U+092E><U+093E>
 <U+092F> <U+092E><U+0924>"	"<U+092E><U+0924><U+094B>
<U+0915>  <U+0938><U+0902> <U+092F><U+093E>"	""	"<U+092E><U+0924><U+094B> <U+0915> 
<U+0938><U+0902> <U+092F><U+093E>"	"<U+0939> <U+0924><U+093E> <U+0930> <U+0915><U+0947>  <U+092C><U+093E><U+0926> <U+092E><U+0924><U+0926><U+093E><U+0928> <U+0938><U+0947> <U+0907><U+0928><U+0915><U+093E><U+0930> <U+0915><U+0930><U+0928><U+0947> <U+0935><U+093E><U+0932>  <U+0915>  <U+0938><U+0902> <U+092F><U+093E>"
"86"	""	""	"<U+0905><U+0935><U+0927><U+0947><U+0936>
<U+0915><U+0941> <U+092E><U+093E><U+0930>  <U+0938><U+0902><U+0939>"	"<U+0909><U+092A><U+0947>  
<U+0915><U+0941> <U+092E><U+093E><U+0930> <U+0936><U+092E><U+093E> "	"<U+0915><U+093E><U+0902> <U+0924>
 <U+0938><U+0902><U+0939>"	"<U+092E><U+0939><U+093E><U+092C><U+0932> 
 <U+0938><U+0902><U+0939>"	"<U+0905><U+091C><U+092F> <U+0915><U+0941> <U+092E><U+093E><U+0930>"	" <U+092F><U+094B> <U+0924> <U+0930><U+093F> <U+092E>"	"<U+092E><U+0941>  <U+0915><U+093E> <U+092F><U+093E><U+0926><U+0935>"	"<U+0930><U+093E><U+091C>
 <U+0915><U+0936><U+094B><U+0930>
 <U+092E> "	"<U+0930><U+093E><U+091C><U+093E> <U+0930><U+093E><U+092E>
 <U+0938><U+0902><U+0939>"	"<U+092E><U+0941>0 <U+0936><U+092E><U+0940><U+0909> <U+0932><U+093E><U+0939>
<U+092E><U+0902><U+0938><U+0942><U+0930> "	"<U+0908>0 <U+0905> <U+0926><U+0941><U+0932> <U+0938><U+0924><U+093E><U+0930>"	"<U+0905><U+092E><U+093E><U+0935><U+0938> <U+0930><U+093E><U+092E>"	" <U+094B>0 <U+0915><U+093E><U+092E><U+0924><U+093E>
 <U+0938><U+093E><U+0926> <U+092F><U+093E><U+0926><U+0935>"	" <U+0917> <U+0930><U+0936> <U+0928><U+093E><U+0930><U+093E><U+092F><U+0923>
 <U+0938><U+0902><U+0939>"	"<U+0938><U+0924><U+0940><U+0936> <U+092A><U+093E> <U+0921><U+0947><U+092F>"	"<U+0939> <U+0930>
 <U+0938><U+093E><U+0926>
 <U+0938><U+0902><U+0939>"	""	""	""	""	""
"87"	"12"	"68"	"9"	"46"	"46"	"215"	"8"	"4"	"1"	"2"	"33"	"1"	"5"	"1"	"0"	"4"	"4"	"5"	"384"	"0"	"384"	"0"	"0"
"88"	"13"	"69"	"17"	"31"	"745"	"22"	"0"	"2"	"0"	"0"	"3"	"0"	"2"	"0"	"0"	"1"	"1"	"1"	"825"	"0"	"825"	"0"	"0"
"89"	"14"	"70"	"9"	"29"	"166"	"233"	"6"	"3"	"0"	"0"	"4"	"1"	"6"	"1"	"5"	"1"	"2"	"2"	"468"	"0"	"468"	"0"	"0"
"90"	"<U+092F><U+094B><U+0917>"	""	"167"	"307"	"2616"	"2396"	"67"	"32"	"20"	"25"	"612"	"28"	"57"	"17"	"38"	"32"	"25"	"40"	"6479"	"0"	"6479"	"0"	"0"
"91"	"1"	"71"	"15"	"82"	"116"	"326"	"4"	"5"	"1"	"0"	"9"	"0"	"5"	"1"	"2"	""	"0"	"1"	"567"	"0"	"567"	"0"	"0"
"92"	"2"	"72"	"5"	"0"	"181"	"144"	"4"	"3"	"0"	"0"	"4"	"1"	"1"	"1"	"3"	"1"	"0"	"1"	"349"	"0"	"349"	"0"	"0"
"93"	"3"	"73"	"11"	"2"	"145"	"173"	"3"	"0"	"0"	"0"	"38"	"0"	"16"	"1"	"1"	"0"	"2"	"1"	"393"	"0"	"393"	"0"	"0"
"94"	"4"	"74"	"14"	"12"	"84"	"126"	"37"	"6"	"7"	"17"	"345"	"5"	"16"	"5"	"11"	"3"	"4"	"7"	"699"	"0"	"699"	"0"	"0"
"95"	"5"	"75"	"114"	"59"	"36"	"45"	"14"	"2"	"6"	"14"	"238"	"11"	"5"	"3"	"4"	"6"	"0"	"6"	"563"	"0"	"563"	"0"	"0"
"96"	"6"	"76"	"121"	"3"	"53"	"24"	"6"	"0"	"3"	"7"	"107"	"8"	"4"	"1"	"2"	"3"	"1"	"8"	"351"	"0"	"351"	"0"	"0"
"97"	"7"	"77"	"33"	"39"	"316"	"63"	"7"	"11"	"0"	"1"	"13"	"3"	"4"	"2"	"3"	"8"	"3"	"7"	"513"	"0"	"513"	"0"	"0"
"98"	"8"	"78"	"39"	"40"	"132"	"234"	"6"	"1"	"1"	"3"	"23"	"5"	"6"	"2"	"6"	"1"	"2"	"6"	"507"	"0"	"507"	"0"	"0"
"99"	"9"	"79"	"69"	"15"	"27"	"113"	"7"	"5"	"0"	"3"	"68"	"1"	"1"	"0"	"1"	"0"	"0"	"1"	"311"	"0"	"311"	"0"	"0"
"100"	"10"	"80"	"35"	"8"	"304"	"12"	"6"	"4"	"10"	"8"	"124"	"5"	"9"	"0"	"8"	"2"	"4"	"4"	"543"	"0"	"543"	"0"	"0"
"101"	"11"	"81"	"46"	"47"	"107"	"199"	"15"	"7"	"2"	"5"	"50"	"3"	"6"	"4"	"6"	"6"	"1"	"4"	"508"	"0"	"508"	"0"	"0"
"102"	"12"	"82"	"24"	"11"	"78"	"63"	"8"	"34"	"2"	"3"	"42"	"1"	"2"	"0"	"1"	"2"	"0"	"2"	"273"	"0"	"273"	"0"	"0"
"103"	"13"	"83"	"5"	"4"	"79"	"37"	"1"	"7"	"0"	"0"	"41"	"1"	"0"	"0"	"1"	"1"	"0"	"3"	"180"	"0"	"180"	"0"	"0"
"104"	"14"	"84"	"59"	"3"	"123"	"68"	"5"	"5"	"1"	"1"	"3"	"1"	"3"	"2"	"1"	"3"	"0"	"2"	"280"	"0"	"280"	"0"	"0"
"105"	"<U+091F><U+0947><U+092C><U+0941><U+0932>"	"<U+092E><U+0924><U+0926><U+093E><U+0928>"	" <U+0928> <U+0928> <U+0932>f'<U+0916><U+0924> <U+0915><U+0947>  <U+092A>  <U+092E>   <U+0926><U+092F><U+0947> <U+0917><U+090F>  <U+0935> <U+0927><U+092E><U+093E> <U+092F> <U+092E><U+0924>  <U+0915>  <U+0938><U+0902> <U+092F><U+093E>"	""	""	""	""	""	""	""	""	""	""	""	""	""	""	""	"<U+0915><U+0941> <U+0932>"	"  <U+0924> <U+0947> <U+092A><U+0924>"	"<U+092F><U+094B><U+0917>"	" <U+0928> <U+0935><U+0926><U+0924>"	"17 <U+0938><U+0940> <U+092E><U+0947>"
"106"	"<U+0938><U+0902>0"	"<U+0915><U+0947>   <U+0915>  <U+0938><U+0902>0"	""	""	""	""	""	""	""	""	""	""	""	""	""	""	""	""	" <U+0935> <U+0927><U+092E><U+093E>
 <U+092F> <U+092E><U+0924>"	"<U+092E><U+0924><U+094B>
<U+0915>  <U+0938><U+0902> <U+092F><U+093E>"	""	"<U+092E><U+0924><U+094B> <U+0915> 
<U+0938><U+0902> <U+092F><U+093E>"	"<U+0939> <U+0924><U+093E> <U+0930> <U+0915><U+0947>  <U+092C><U+093E><U+0926> <U+092E><U+0924><U+0926><U+093E><U+0928> <U+0938><U+0947> <U+0907><U+0928><U+0915><U+093E><U+0930> <U+0915><U+0930><U+0928><U+0947> <U+0935><U+093E><U+0932>  <U+0915>  <U+0938><U+0902> <U+092F><U+093E>"
"107"	""	""	"<U+0905><U+0935><U+0927><U+0947><U+0936>
<U+0915><U+0941> <U+092E><U+093E><U+0930>  <U+0938><U+0902><U+0939>"	"<U+0909><U+092A><U+0947>  
<U+0915><U+0941> <U+092E><U+093E><U+0930> <U+0936><U+092E><U+093E> "	"<U+0915><U+093E><U+0902> <U+0924>
 <U+0938><U+0902><U+0939>"	"<U+092E><U+0939><U+093E><U+092C><U+0932> 
 <U+0938><U+0902><U+0939>"	"<U+0905><U+091C><U+092F> <U+0915><U+0941> <U+092E><U+093E><U+0930>"	" <U+092F><U+094B> <U+0924> <U+0930><U+093F> <U+092E>"	"<U+092E><U+0941>  <U+0915><U+093E> <U+092F><U+093E><U+0926><U+0935>"	"<U+0930><U+093E><U+091C>
 <U+0915><U+0936><U+094B><U+0930>
 <U+092E> "	"<U+0930><U+093E><U+091C><U+093E> <U+0930><U+093E><U+092E>
 <U+0938><U+0902><U+0939>"	"<U+092E><U+0941>0 <U+0936><U+092E><U+0940><U+0909> <U+0932><U+093E><U+0939>
<U+092E><U+0902><U+0938><U+0942><U+0930> "	"<U+0908>0 <U+0905> <U+0926><U+0941><U+0932> <U+0938><U+0924><U+093E><U+0930>"	"<U+0905><U+092E><U+093E><U+0935><U+0938> <U+0930><U+093E><U+092E>"	" <U+094B>0 <U+0915><U+093E><U+092E><U+0924><U+093E>
 <U+0938><U+093E><U+0926> <U+092F><U+093E><U+0926><U+0935>"	" <U+0917> <U+0930><U+0936> <U+0928><U+093E><U+0930><U+093E><U+092F><U+0923>
 <U+0938><U+0902><U+0939>"	"<U+0938><U+0924><U+0940><U+0936> <U+092A><U+093E> <U+0921><U+0947><U+092F>"	"<U+0939> <U+0930>
 <U+0938><U+093E><U+0926>
 <U+0938><U+0902><U+0939>"	""	""	""	""	""
"108"	"<U+092F><U+094B><U+0917>"	""	"590"	"325"	"1781"	"1627"	"123"	"90"	"33"	"62"	"1105"	"45"	"78"	"22"	"50"	"36"	"17"	"53"	"6037"	"0"	"6037"	"0"	"0"
"109"	"1"	"85"	"16"	"17"	"225"	"23"	"1"	"2"	"1"	"1"	"6"	"0"	"3"	"0"	"2"	"0"	"1"	"0"	"298"	"0"	"298"	"0"	"0"
"110"	"2"	"86"	"24"	"36"	"61"	"87"	"18"	"9"	"8"	"20"	"162"	"9"	"13"	"3"	"9"	"10"	"5"	"16"	"490"	"0"	"490"	"0"	"0"
"111"	"3"	"87"	"10"	"3"	"27"	"274"	"5"	"0"	"3"	"3"	"17"	"0"	"4"	"0"	"0"	"0"	"1"	"3"	"350"	"0"	"350"	"0"	"0"
"112"	"4"	"88"	"14"	"0"	"104"	"234"	"3"	"2"	"0"	"2"	"18"	"2"	"3"	"0"	"0"	"2"	"0"	"6"	"390"	"0"	"390"	"0"	"0"
"113"	"5"	"89"	"17"	"10"	"52"	"184"	"0"	"2"	"0"	"2"	"13"	"0"	"1"	"0"	"1"	"0"	"1"	"0"	"283"	"0"	"283"	"0"	"0"
"114"	"6"	"90"	"19"	"11"	"221"	"145"	"9"	"4"	"0"	"2"	"21"	"4"	"2"	"5"	"6"	"5"	"3"	"3"	"460"	"0"	"460"	"0"	"0"
"115"	"7"	"91"	"30"	"10"	"103"	"99"	"14"	"8"	"1"	"10"	"109"	"3"	"12"	"1"	"1"	"3"	"4"	"7"	"415"	"0"	"415"	"0"	"0"
"116"	"8"	"92"	"82"	"5"	"28"	"86"	"11"	"0"	"3"	"3"	"70"	"1"	"8"	"2"	""	"3"	"1"	"4"	"307"	"0"	"307"	"0"	"0"
"117"	"9"	"93"	"8"	"5"	"161"	"39"	"3"	"2"	"5"	"0"	"33"	"0"	"1"	"0"	"1"	"1"	"0"	"2"	"261"	"0"	"261"	"0"	"0"
"118"	"10"	"94"	"25"	"58"	"151"	"67"	"6"	"1"	"0"	"3"	"43"	"1"	"3"	"0"	"0"	"0"	"1"	"2"	"361"	"0"	"361"	"0"	"0"
"119"	"11"	"95"	"0"	"0"	"0"	"0"	"0"	"0"	"0"	"0"	"0"	"0"	"0"	"0"	"0"	"0"	"0"	"0"	"0"	"0"	"0"	"0"	"0"
"120"	"12"	"96"	"5"	"0"	"360"	"43"	"1"	"3"	"1"	"0"	"2"	"0"	"4"	"1"	"1"	"3"	"0"	"1"	"425"	"0"	"425"	"0"	"0"
"121"	"13"	"97"	"7"	"0"	"248"	"31"	"1"	"2"	"1"	"0"	"7"	"0"	"0"	"1"	"0"	"0"	"0"	"0"	"298"	"0"	"298"	"0"	"0"
"122"	"14"	"98"	"1"	"2"	"251"	"2"	"1"	"0"	"0"	"0"	"1"	"1"	"0"	"0"	"1"	"0"	"0"	"0"	"260"	"0"	"260"	"0"	"0"
"123"	"<U+092F><U+094B><U+0917>"	""	"258"	"157"	"1992"	"1314"	"73"	"35"	"23"	"46"	"502"	"21"	"54"	"13"	"22"	"27"	"17"	"44"	"4598"	"0"	"4598"	"0"	"0"
"124"	"1"	"99"	"40"	"7"	"123"	"177"	"11"	"3"	"1"	"3"	"81"	"2"	"9"	"6"	"7"	"2"	"3"	"11"	"486"	"0"	"486"	"0"	"0"
"125"	"2"	"100"	"31"	"1"	"31"	"84"	"5"	"6"	"3"	"4"	"86"	"6"	"4"	"5"	"4"	"0"	"1"	"6"	"277"	"0"	"277"	"0"	"0"
"126"	"<U+091F><U+0947><U+092C><U+0941><U+0932>"	"<U+092E><U+0924><U+0926><U+093E><U+0928>"	" <U+0928> <U+0928> <U+0932>f'<U+0916><U+0924> <U+0915><U+0947>  <U+092A>  <U+092E>   <U+0926><U+092F><U+0947> <U+0917><U+090F>  <U+0935> <U+0927><U+092E><U+093E> <U+092F> <U+092E><U+0924>  <U+0915>  <U+0938><U+0902> <U+092F><U+093E>"	""	""	""	""	""	""	""	""	""	""	""	""	""	""	""	"<U+0915><U+0941> <U+0932>"	"  <U+0924> <U+0947> <U+092A><U+0924>"	"<U+092F><U+094B><U+0917>"	" <U+0928> <U+0935><U+0926><U+0924>"	"17 <U+0938><U+0940> <U+092E><U+0947>"
"127"	"<U+0938><U+0902>0"	"<U+0915><U+0947>   <U+0915>  <U+0938><U+0902>0"	""	""	""	""	""	""	""	""	""	""	""	""	""	""	""	""	" <U+0935> <U+0927><U+092E><U+093E>
 <U+092F> <U+092E><U+0924>"	"<U+092E><U+0924><U+094B>
<U+0915>  <U+0938><U+0902> <U+092F><U+093E>"	""	"<U+092E><U+0924><U+094B> <U+0915> 
<U+0938><U+0902> <U+092F><U+093E>"	"<U+0939> <U+0924><U+093E> <U+0930> <U+0915><U+0947>  <U+092C><U+093E><U+0926> <U+092E><U+0924><U+0926><U+093E><U+0928> <U+0938><U+0947> <U+0907><U+0928><U+0915><U+093E><U+0930> <U+0915><U+0930><U+0928><U+0947> <U+0935><U+093E><U+0932>  <U+0915>  <U+0938><U+0902> <U+092F><U+093E>"
"128"	""	""	"<U+0905><U+0935><U+0927><U+0947><U+0936>
<U+0915><U+0941> <U+092E><U+093E><U+0930>  <U+0938><U+0902><U+0939>"	"<U+0909><U+092A><U+0947>  
<U+0915><U+0941> <U+092E><U+093E><U+0930> <U+0936><U+092E><U+093E> "	"<U+0915><U+093E><U+0902> <U+0924>
 <U+0938><U+0902><U+0939>"	"<U+092E><U+0939><U+093E><U+092C><U+0932> 
 <U+0938><U+0902><U+0939>"	"<U+0905><U+091C><U+092F> <U+0915><U+0941> <U+092E><U+093E><U+0930>"	" <U+092F><U+094B> <U+0924> <U+0930><U+093F> <U+092E>"	"<U+092E><U+0941>  <U+0915><U+093E> <U+092F><U+093E><U+0926><U+0935>"	"<U+0930><U+093E><U+091C>
 <U+0915><U+0936><U+094B><U+0930>
 <U+092E> "	"<U+0930><U+093E><U+091C><U+093E> <U+0930><U+093E><U+092E>
 <U+0938><U+0902><U+0939>"	"<U+092E><U+0941>0 <U+0936><U+092E><U+0940><U+0909> <U+0932><U+093E><U+0939>
<U+092E><U+0902><U+0938><U+0942><U+0930> "	"<U+0908>0 <U+0905> <U+0926><U+0941><U+0932> <U+0938><U+0924><U+093E><U+0930>"	"<U+0905><U+092E><U+093E><U+0935><U+0938> <U+0930><U+093E><U+092E>"	" <U+094B>0 <U+0915><U+093E><U+092E><U+0924><U+093E>
 <U+0938><U+093E><U+0926> <U+092F><U+093E><U+0926><U+0935>"	" <U+0917> <U+0930><U+0936> <U+0928><U+093E><U+0930><U+093E><U+092F><U+0923>
 <U+0938><U+0902><U+0939>"	"<U+0938><U+0924><U+0940><U+0936> <U+092A><U+093E> <U+0921><U+0947><U+092F>"	"<U+0939> <U+0930>
 <U+0938><U+093E><U+0926>
 <U+0938><U+0902><U+0939>"	""	""	""	""	""
"129"	"3"	"101"	"14"	"2"	"121"	"118"	"5"	"1"	"4"	"1"	"32"	"3"	"5"	"1"	"3"	"3"	"0"	"2"	"315"	"0"	"315"	"0"	"0"
"130"	"4"	"102"	"18"	"44"	"186"	"68"	"18"	"3"	"2"	"3"	"77"	"5"	"9"	"6"	"13"	"15"	"4"	"6"	"477"	"0"	"477"	"0"	"0"
"131"	"5"	"103"	"18"	"0"	"21"	"414"	"10"	"5"	"3"	"4"	"114"	"3"	"4"	"5"	"2"	"1"	"2"	"4"	"610"	"0"	"610"	"0"	"0"
"132"	"6"	"104"	"19"	"64"	"76"	"218"	"4"	"2"	"3"	"2"	"12"	"2"	"9"	"4"	"5"	"2"	"4"	"5"	"431"	"0"	"431"	"0"	"0"
"133"	"7"	"105"	"47"	"9"	"119"	"153"	"8"	"2"	"1"	"5"	"81"	"4"	"2"	"2"	"8"	"5"	"2"	"4"	"452"	"0"	"452"	"0"	"0"
"134"	"8"	"106"	"3"	"1"	"66"	"28"	"14"	"2"	"1"	"12"	"92"	"4"	"3"	"1"	"3"	"8"	"3"	"11"	"252"	"0"	"252"	"0"	"0"
"135"	"9"	"107"	"8"	"3"	"156"	"17"	"13"	"3"	"1"	"2"	"148"	"5"	"4"	"0"	"1"	"2"	"0"	"3"	"366"	"0"	"366"	"0"	"0"
"136"	"10"	"108"	"7"	"14"	"130"	"37"	"7"	"2"	"3"	"5"	"77"	"3"	"2"	"0"	"0"	"2"	"2"	"2"	"293"	"0"	"293"	"0"	"0"
"137"	"11"	"109"	"5"	"2"	"180"	"106"	"13"	"0"	"1"	"4"	"164"	"4"	"7"	"1"	"7"	"12"	"0"	"1"	"507"	"0"	"507"	"0"	"0"
"138"	"12"	"110"	"27"	"21"	"48"	"288"	"14"	"2"	"1"	"4"	"99"	"3"	"10"	"3"	"2"	"3"	"2"	"4"	"531"	"0"	"531"	"0"	"0"
"139"	"13"	"111"	"29"	"14"	"59"	"213"	"5"	"2"	"5"	"2"	"62"	"0"	"9"	"0"	"3"	"3"	"3"	"5"	"414"	"0"	"414"	"0"	"0"
"140"	"14"	"112"	"6"	"4"	"16"	"53"	"6"	"4"	"0"	"9"	"570"	"2"	"3"	"0"	"0"	"0"	"0"	"2"	"675"	"0"	"675"	"0"	"0"
"141"	"<U+092F><U+094B><U+0917>"	""	"272"	"186"	"1332"	"1974"	"133"	"37"	"29"	"60"	"1695"	"46"	"80"	"34"	"58"	"58"	"26"	"66"	"6086"	"0"	"6086"	"0"	"0"
"142"	"1"	"113"	"10"	"7"	"157"	"91"	"6"	"2"	"1"	"3"	"134"	"6"	"2"	"2"	"0"	"1"	"0"	"2"	"424"	"0"	"424"	"0"	"0"
"143"	"2"	"114"	"25"	"57"	"182"	"172"	"8"	"6"	"1"	"4"	"113"	"1"	"1"	"0"	"2"	"2"	"1"	"1"	"576"	"0"	"576"	"0"	"0"
"144"	"3"	"115"	"0"	"8"	"23"	"231"	"9"	"0"	"0"	"1"	"37"	"0"	"0"	"0"	"2"	"1"	"0"	"0"	"312"	"0"	"312"	"0"	"0"
"145"	"4"	"116"	"8"	"1"	"215"	"24"	"0"	"0"	"0"	"0"	"0"	"0"	"0"	"0"	"1"	"0"	"0"	"0"	"249"	"0"	"249"	"0"	"0"
"146"	"5"	"117"	"25"	"2"	"107"	"56"	"2"	"1"	"0"	"1"	"19"	"0"	"2"	"0"	"1"	"0"	"0"	"2"	"218"	"0"	"218"	"0"	"0"
"147"	"<U+091F><U+0947><U+092C><U+0941><U+0932>"	"<U+092E><U+0924><U+0926><U+093E><U+0928>"	" <U+0928> <U+0928> <U+0932>f'<U+0916><U+0924> <U+0915><U+0947>  <U+092A>  <U+092E>   <U+0926><U+092F><U+0947> <U+0917><U+090F>  <U+0935> <U+0927><U+092E><U+093E> <U+092F> <U+092E><U+0924>  <U+0915>  <U+0938><U+0902> <U+092F><U+093E>"	""	""	""	""	""	""	""	""	""	""	""	""	""	""	""	"<U+0915><U+0941> <U+0932>"	"  <U+0924> <U+0947> <U+092A><U+0924>"	"<U+092F><U+094B><U+0917>"	" <U+0928> <U+0935><U+0926><U+0924>"	"17 <U+0938><U+0940> <U+092E><U+0947>"
"148"	"<U+0938><U+0902>0"	"<U+0915><U+0947>   <U+0915>  <U+0938><U+0902>0"	""	""	""	""	""	""	""	""	""	""	""	""	""	""	""	""	" <U+0935> <U+0927><U+092E><U+093E>
 <U+092F> <U+092E><U+0924>"	"<U+092E><U+0924><U+094B>
<U+0915>  <U+0938><U+0902> <U+092F><U+093E>"	""	"<U+092E><U+0924><U+094B> <U+0915> 
<U+0938><U+0902> <U+092F><U+093E>"	"<U+0939> <U+0924><U+093E> <U+0930> <U+0915><U+0947>  <U+092C><U+093E><U+0926> <U+092E><U+0924><U+0926><U+093E><U+0928> <U+0938><U+0947> <U+0907><U+0928><U+0915><U+093E><U+0930> <U+0915><U+0930><U+0928><U+0947> <U+0935><U+093E><U+0932>  <U+0915>  <U+0938><U+0902> <U+092F><U+093E>"
"149"	""	""	"<U+0905><U+0935><U+0927><U+0947><U+0936>
<U+0915><U+0941> <U+092E><U+093E><U+0930>  <U+0938><U+0902><U+0939>"	"<U+0909><U+092A><U+0947>  
<U+0915><U+0941> <U+092E><U+093E><U+0930> <U+0936><U+092E><U+093E> "	"<U+0915><U+093E><U+0902> <U+0924>
 <U+0938><U+0902><U+0939>"	"<U+092E><U+0939><U+093E><U+092C><U+0932> 
 <U+0938><U+0902><U+0939>"	"<U+0905><U+091C><U+092F> <U+0915><U+0941> <U+092E><U+093E><U+0930>"	" <U+092F><U+094B> <U+0924> <U+0930><U+093F> <U+092E>"	"<U+092E><U+0941>  <U+0915><U+093E> <U+092F><U+093E><U+0926><U+0935>"	"<U+0930><U+093E><U+091C>
 <U+0915><U+0936><U+094B><U+0930>
 <U+092E> "	"<U+0930><U+093E><U+091C><U+093E> <U+0930><U+093E><U+092E>
 <U+0938><U+0902><U+0939>"	"<U+092E><U+0941>0 <U+0936><U+092E><U+0940><U+0909> <U+0932><U+093E><U+0939>
<U+092E><U+0902><U+0938><U+0942><U+0930> "	"<U+0908>0 <U+0905> <U+0926><U+0941><U+0932> <U+0938><U+0924><U+093E><U+0930>"	"<U+0905><U+092E><U+093E><U+0935><U+0938> <U+0930><U+093E><U+092E>"	" <U+094B>0 <U+0915><U+093E><U+092E><U+0924><U+093E>
 <U+0938><U+093E><U+0926> <U+092F><U+093E><U+0926><U+0935>"	" <U+0917> <U+0930><U+0936> <U+0928><U+093E><U+0930><U+093E><U+092F><U+0923>
 <U+0938><U+0902><U+0939>"	"<U+0938><U+0924><U+0940><U+0936> <U+092A><U+093E> <U+0921><U+0947><U+092F>"	"<U+0939> <U+0930>
 <U+0938><U+093E><U+0926>
 <U+0938><U+0902><U+0939>"	""	""	""	""	""
"150"	"6"	"118"	"11"	"92"	"190"	"76"	"6"	"13"	"4"	"2"	"62"	"3"	"9"	"3"	"7"	"1"	"3"	"8"	"490"	"0"	"490"	"0"	"0"
"151"	"7"	"119"	"41"	"37"	"114"	"137"	"7"	"21"	"3"	"3"	"51"	"2"	"5"	"3"	"6"	"2"	"3"	"13"	"448"	"0"	"448"	"0"	"0"
"152"	"8"	"120"	"28"	"1"	"49"	"118"	"2"	"2"	"0"	"0"	"2"	"1"	"0"	"2"	"5"	"1"	"1"	"2"	"214"	"0"	"214"	"0"	"0"
"153"	"9"	"121"	"12"	"0"	"79"	"104"	"11"	"149"	"6"	"2"	"44"	"2"	"4"	"8"	"7"	"1"	"2"	"9"	"440"	"0"	"440"	"0"	"0"
"154"	"10"	"122"	"1"	"0"	"517"	"28"	"1"	"3"	"0"	"0"	"0"	"0"	"0"	"0"	"0"	"0"	"0"	"0"	"550"	"0"	"550"	"0"	"0"
"155"	"11"	"123"	"19"	"10"	"175"	"170"	"6"	"14"	"4"	"2"	"133"	"5"	"5"	"1"	"1"	"3"	"4"	"0"	"552"	"0"	"552"	"0"	"0"
"156"	"12"	"124"	"51"	"76"	"21"	"65"	"5"	"1"	"1"	"4"	"36"	"4"	"6"	"0"	"1"	"3"	"6"	"4"	"284"	"0"	"284"	"0"	"0"
"157"	"13"	"125"	"0"	"0"	"0"	"0"	"0"	"0"	"0"	"0"	"0"	"0"	"0"	"0"	"0"	"0"	"0"	"0"	"0"	"0"	"0"	"0"	"0"
"158"	"14"	"126"	"7"	"44"	"148"	"37"	"2"	"8"	"1"	"0"	"21"	"2"	"9"	"3"	"2"	"2"	"0"	"8"	"294"	"0"	"294"	"0"	"0"
"159"	"<U+092F><U+094B><U+0917>"	""	"238"	"335"	"1977"	"1309"	"65"	"220"	"21"	"22"	"652"	"26"	"43"	"22"	"35"	"17"	"20"	"49"	"5051"	"0"	"5051"	"0"	"0"
"160"	"1"	"127"	"13"	"32"	"69"	"118"	"3"	"5"	"5"	"3"	"104"	"9"	"15"	"5"	"7"	"4"	"7"	"16"	"415"	"0"	"415"	"0"	"0"
"161"	"2"	"128"	"32"	"29"	"84"	"205"	"10"	"3"	"3"	"0"	"14"	"7"	"5"	"7"	"6"	"6"	"6"	"16"	"433"	"0"	"433"	"0"	"0"
"162"	"3"	"129"	"45"	"1"	"77"	"97"	"0"	"13"	"0"	"0"	"3"	"1"	"3"	"1"	"4"	"2"	"1"	"2"	"250"	"0"	"250"	"0"	"0"
"163"	"4"	"130"	"38"	"13"	"68"	"98"	"2"	"5"	"0"	"0"	"36"	"4"	"7"	"2"	"2"	"5"	"2"	"3"	"285"	"0"	"285"	"0"	"0"
"164"	"5"	"131"	"43"	"59"	"111"	"113"	"3"	"3"	"1"	"3"	"30"	"2"	"4"	"1"	"6"	"1"	"2"	"5"	"387"	"0"	"387"	"0"	"0"
"165"	"6"	"132"	"3"	"3"	"108"	"80"	"4"	"4"	"1"	"4"	"63"	"1"	"2"	"0"	"2"	"0"	"0"	"4"	"279"	"0"	"279"	"0"	"0"
"166"	"7"	"133"	"12"	"21"	"318"	"128"	"8"	"12"	"5"	"6"	"28"	"7"	"9"	"1"	"8"	"7"	"8"	"17"	"595"	"0"	"595"	"0"	"0"
"167"	"8"	"134"	"12"	"36"	"259"	"167"	"8"	"8"	"0"	"4"	"30"	"1"	"5"	"3"	"1"	"1"	"0"	"7"	"542"	"0"	"542"	"0"	"0"
"168"	"<U+091F><U+0947><U+092C><U+0941><U+0932>"	"<U+092E><U+0924><U+0926><U+093E><U+0928>"	" <U+0928> <U+0928> <U+0932>f'<U+0916><U+0924> <U+0915><U+0947>  <U+092A>  <U+092E>   <U+0926><U+092F><U+0947> <U+0917><U+090F>  <U+0935> <U+0927><U+092E><U+093E> <U+092F> <U+092E><U+0924>  <U+0915>  <U+0938><U+0902> <U+092F><U+093E>"	""	""	""	""	""	""	""	""	""	""	""	""	""	""	""	"<U+0915><U+0941> <U+0932>"	"  <U+0924> <U+0947> <U+092A><U+0924>"	"<U+092F><U+094B><U+0917>"	" <U+0928> <U+0935><U+0926><U+0924>"	"17 <U+0938><U+0940> <U+092E><U+0947>"
"169"	"<U+0938><U+0902>0"	"<U+0915><U+0947>   <U+0915>  <U+0938><U+0902>0"	""	""	""	""	""	""	""	""	""	""	""	""	""	""	""	""	" <U+0935> <U+0927><U+092E><U+093E>
 <U+092F> <U+092E><U+0924>"	"<U+092E><U+0924><U+094B>
<U+0915>  <U+0938><U+0902> <U+092F><U+093E>"	""	"<U+092E><U+0924><U+094B> <U+0915> 
<U+0938><U+0902> <U+092F><U+093E>"	"<U+0939> <U+0924><U+093E> <U+0930> <U+0915><U+0947>  <U+092C><U+093E><U+0926> <U+092E><U+0924><U+0926><U+093E><U+0928> <U+0938><U+0947> <U+0907><U+0928><U+0915><U+093E><U+0930> <U+0915><U+0930><U+0928><U+0947> <U+0935><U+093E><U+0932>  <U+0915>  <U+0938><U+0902> <U+092F><U+093E>"
"170"	""	""	"<U+0905><U+0935><U+0927><U+0947><U+0936>
<U+0915><U+0941> <U+092E><U+093E><U+0930>  <U+0938><U+0902><U+0939>"	"<U+0909><U+092A><U+0947>  
<U+0915><U+0941> <U+092E><U+093E><U+0930> <U+0936><U+092E><U+093E> "	"<U+0915><U+093E><U+0902> <U+0924>
 <U+0938><U+0902><U+0939>"	"<U+092E><U+0939><U+093E><U+092C><U+0932> 
 <U+0938><U+0902><U+0939>"	"<U+0905><U+091C><U+092F> <U+0915><U+0941> <U+092E><U+093E><U+0930>"	" <U+092F><U+094B> <U+0924> <U+0930><U+093F> <U+092E>"	"<U+092E><U+0941>  <U+0915><U+093E> <U+092F><U+093E><U+0926><U+0935>"	"<U+0930><U+093E><U+091C>
 <U+0915><U+0936><U+094B><U+0930>
 <U+092E> "	"<U+0930><U+093E><U+091C><U+093E> <U+0930><U+093E><U+092E>
 <U+0938><U+0902><U+0939>"	"<U+092E><U+0941>0 <U+0936><U+092E><U+0940><U+0909> <U+0932><U+093E><U+0939>
<U+092E><U+0902><U+0938><U+0942><U+0930> "	"<U+0908>0 <U+0905> <U+0926><U+0941><U+0932> <U+0938><U+0924><U+093E><U+0930>"	"<U+0905><U+092E><U+093E><U+0935><U+0938> <U+0930><U+093E><U+092E>"	" <U+094B>0 <U+0915><U+093E><U+092E><U+0924><U+093E>
 <U+0938><U+093E><U+0926> <U+092F><U+093E><U+0926><U+0935>"	" <U+0917> <U+0930><U+0936> <U+0928><U+093E><U+0930><U+093E><U+092F><U+0923>
 <U+0938><U+0902><U+0939>"	"<U+0938><U+0924><U+0940><U+0936> <U+092A><U+093E> <U+0921><U+0947><U+092F>"	"<U+0939> <U+0930>
 <U+0938><U+093E><U+0926>
 <U+0938><U+0902><U+0939>"	""	""	""	""	""
"171"	"9"	"135"	"3"	"1"	"157"	"32"	"1"	"6"	"0"	"4"	"145"	"2"	"4"	"1"	"1"	"6"	"0"	"1"	"364"	"0"	"364"	"0"	"0"
"172"	"10"	"136"	"10"	"5"	"127"	"180"	"9"	"2"	"1"	"1"	"8"	"4"	"11"	"3"	"8"	"5"	"3"	"17"	"394"	"0"	"394"	"0"	"0"
"173"	"11"	"137"	"24"	"16"	"263"	"184"	"8"	"18"	"1"	"3"	"11"	"2"	"15"	"4"	"7"	"9"	"3"	"5"	"573"	"0"	"573"	"0"	"0"
"174"	"12"	"138"	"3"	"0"	"349"	"3"	"0"	"0"	"0"	"0"	"0"	"0"	"0"	"0"	"0"	"0"	"0"	"0"	"355"	"0"	"355"	"0"	"0"
"175"	"13"	"139"	"438"	"35"	"36"	"80"	"1"	"2"	"0"	"2"	"5"	"0"	"2"	"0"	"1"	"1"	"2"	"5"	"610"	"0"	"610"	"0"	"0"
"176"	"14"	"140"	"2"	"33"	"230"	"6"	"1"	"7"	"0"	"1"	"0"	"1"	"0"	"0"	"0"	"0"	"0"	"0"	"281"	"0"	"281"	"0"	"0"
"177"	"<U+092F><U+094B><U+0917>"	""	"678"	"284"	"2256"	"1491"	"58"	"88"	"17"	"31"	"477"	"41"	"82"	"28"	"53"	"47"	"34"	"98"	"5763"	"0"	"5763"	"0"	"0"
"178"	"1"	"141"	"11"	"10"	"780"	"12"	"2"	"2"	"0"	"0"	"2"	"0"	"0"	"0"	"0"	"2"	"0"	"0"	"821"	"0"	"821"	"0"	"0"
"179"	"2"	"142"	"33"	"44"	"233"	"193"	"7"	"5"	"1"	"1"	"14"	"3"	"5"	"2"	"5"	"4"	"4"	"6"	"560"	"0"	"560"	"0"	"0"
"180"	"3"	"143"	"80"	"117"	"151"	"134"	"13"	"3"	"2"	"6"	"60"	"3"	"7"	"3"	"5"	"15"	"13"	"31"	"643"	"0"	"643"	"0"	"0"
"181"	"4"	"144"	"36"	"5"	"154"	"188"	"2"	"1"	"1"	"2"	"9"	"0"	"5"	"1"	"2"	"10"	"1"	"7"	"424"	"0"	"424"	"0"	"0"
"182"	"5"	"145"	"48"	"4"	"90"	"162"	"2"	"3"	"1"	"1"	"3"	"1"	"1"	"0"	"1"	"2"	"1"	"1"	"321"	"0"	"321"	"0"	"0"
"183"	"6"	"146"	"11"	"18"	"162"	"70"	"6"	"4"	"1"	"2"	"8"	"1"	"2"	"0"	"3"	"6"	"4"	"4"	"302"	"0"	"302"	"0"	"0"
"184"	"7"	"147"	"491"	"0"	"4"	"10"	"0"	"0"	"0"	"0"	"0"	"0"	"0"	"0"	"0"	"0"	"0"	"2"	"507"	"0"	"507"	"0"	"0"
"185"	"8"	"148"	"2"	"8"	"475"	"156"	"5"	"6"	"1"	"3"	"9"	"1"	"1"	"3"	"2"	"1"	"1"	"0"	"674"	"0"	"674"	"0"	"0"
"186"	"9"	"149"	"490"	"75"	"18"	"60"	"1"	"1"	"0"	"0"	"0"	"0"	"2"	"0"	"0"	"0"	"1"	"2"	"650"	"0"	"650"	"0"	"0"
"187"	"10"	"150"	"28"	"67"	"29"	"193"	"7"	"0"	"3"	"2"	"35"	"3"	"6"	"4"	"2"	"1"	"2"	"7"	"389"	"0"	"389"	"0"	"0"
"188"	"11"	"151"	"32"	"16"	"185"	"213"	"17"	"6"	"1"	"5"	"23"	"0"	"17"	"1"	"0"	"4"	"1"	"3"	"524"	"0"	"524"	"0"	"0"
"189"	"<U+091F><U+0947><U+092C><U+0941><U+0932>"	"<U+092E><U+0924><U+0926><U+093E><U+0928>"	" <U+0928> <U+0928> <U+0932>f'<U+0916><U+0924> <U+0915><U+0947>  <U+092A>  <U+092E>   <U+0926><U+092F><U+0947> <U+0917><U+090F>  <U+0935> <U+0927><U+092E><U+093E> <U+092F> <U+092E><U+0924>  <U+0915>  <U+0938><U+0902> <U+092F><U+093E>"	""	""	""	""	""	""	""	""	""	""	""	""	""	""	""	"<U+0915><U+0941> <U+0932>"	"  <U+0924> <U+0947> <U+092A><U+0924>"	"<U+092F><U+094B><U+0917>"	" <U+0928> <U+0935><U+0926><U+0924>"	"17 <U+0938><U+0940> <U+092E><U+0947>"
"190"	"<U+0938><U+0902>0"	"<U+0915><U+0947>   <U+0915>  <U+0938><U+0902>0"	""	""	""	""	""	""	""	""	""	""	""	""	""	""	""	""	" <U+0935> <U+0927><U+092E><U+093E>
 <U+092F> <U+092E><U+0924>"	"<U+092E><U+0924><U+094B>
<U+0915>  <U+0938><U+0902> <U+092F><U+093E>"	""	"<U+092E><U+0924><U+094B> <U+0915> 
<U+0938><U+0902> <U+092F><U+093E>"	"<U+0939> <U+0924><U+093E> <U+0930> <U+0915><U+0947>  <U+092C><U+093E><U+0926> <U+092E><U+0924><U+0926><U+093E><U+0928> <U+0938><U+0947> <U+0907><U+0928><U+0915><U+093E><U+0930> <U+0915><U+0930><U+0928><U+0947> <U+0935><U+093E><U+0932>  <U+0915>  <U+0938><U+0902> <U+092F><U+093E>"
"191"	""	""	"<U+0905><U+0935><U+0927><U+0947><U+0936>
<U+0915><U+0941> <U+092E><U+093E><U+0930>  <U+0938><U+0902><U+0939>"	"<U+0909><U+092A><U+0947>  
<U+0915><U+0941> <U+092E><U+093E><U+0930> <U+0936><U+092E><U+093E> "	"<U+0915><U+093E><U+0902> <U+0924>
 <U+0938><U+0902><U+0939>"	"<U+092E><U+0939><U+093E><U+092C><U+0932> 
 <U+0938><U+0902><U+0939>"	"<U+0905><U+091C><U+092F> <U+0915><U+0941> <U+092E><U+093E><U+0930>"	" <U+092F><U+094B> <U+0924> <U+0930><U+093F> <U+092E>"	"<U+092E><U+0941>  <U+0915><U+093E> <U+092F><U+093E><U+0926><U+0935>"	"<U+0930><U+093E><U+091C>
 <U+0915><U+0936><U+094B><U+0930>
 <U+092E> "	"<U+0930><U+093E><U+091C><U+093E> <U+0930><U+093E><U+092E>
 <U+0938><U+0902><U+0939>"	"<U+092E><U+0941>0 <U+0936><U+092E><U+0940><U+0909> <U+0932><U+093E><U+0939>
<U+092E><U+0902><U+0938><U+0942><U+0930> "	"<U+0908>0 <U+0905> <U+0926><U+0941><U+0932> <U+0938><U+0924><U+093E><U+0930>"	"<U+0905><U+092E><U+093E><U+0935><U+0938> <U+0930><U+093E><U+092E>"	" <U+094B>0 <U+0915><U+093E><U+092E><U+0924><U+093E>
 <U+0938><U+093E><U+0926> <U+092F><U+093E><U+0926><U+0935>"	" <U+0917> <U+0930><U+0936> <U+0928><U+093E><U+0930><U+093E><U+092F><U+0923>
 <U+0938><U+0902><U+0939>"	"<U+0938><U+0924><U+0940><U+0936> <U+092A><U+093E> <U+0921><U+0947><U+092F>"	"<U+0939> <U+0930>
 <U+0938><U+093E><U+0926>
 <U+0938><U+0902><U+0939>"	""	""	""	""	""
"192"	"12"	"152"	"37"	"49"	"16"	"93"	"6"	"0"	"0"	"1"	"31"	"1"	"1"	"0"	"1"	"0"	"1"	"5"	"242"	"0"	"242"	"0"	"0"
"193"	"13"	"153"	"12"	"57"	"79"	"126"	"10"	"2"	"1"	"4"	"60"	"2"	"12"	"2"	"6"	"5"	"2"	"6"	"386"	"0"	"386"	"0"	"0"
"194"	"14"	"154"	"276"	"16"	"8"	"43"	"0"	"0"	"0"	"0"	"0"	"0"	"0"	"0"	"0"	"0"	"0"	"0"	"343"	"0"	"343"	"0"	"0"
"195"	"<U+092F><U+094B><U+0917>"	""	"1587"	"486"	"2384"	"1653"	"78"	"33"	"12"	"27"	"254"	"15"	"59"	"16"	"27"	"50"	"31"	"74"	"6786"	"0"	"6786"	"0"	"0"
"196"	"1"	"155"	"25"	"5"	"44"	"95"	"1"	"3"	"1"	"0"	"9"	"0"	"7"	"4"	"1"	"1"	"0"	"3"	"199"	"0"	"199"	"0"	"0"
"197"	"2"	"156"	"30"	"26"	"80"	"95"	"5"	"3"	"1"	"3"	"17"	"2"	"6"	"1"	"7"	"2"	"4"	"6"	"288"	"0"	"288"	"0"	"0"
"198"	"3"	"157"	"2"	"6"	"146"	"10"	"4"	"1"	"0"	"0"	"13"	"1"	"1"	"2"	"8"	"4"	"1"	"10"	"209"	"0"	"209"	"0"	"0"
"199"	"4"	"158"	"15"	"2"	"49"	"204"	"5"	"2"	"0"	"0"	"3"	"1"	"4"	"4"	"5"	"3"	"0"	"8"	"305"	"0"	"305"	"0"	"0"
"200"	"5"	"159"	"13"	"40"	"41"	"55"	"4"	"0"	"0"	"1"	"11"	"0"	"1"	"0"	"1"	"0"	"0"	"1"	"168"	"0"	"168"	"0"	"0"
"201"	"6"	"160"	"1"	"20"	"88"	"121"	"1"	"0"	"0"	"0"	"2"	"0"	"0"	"0"	"0"	"0"	"0"	"0"	"233"	"0"	"233"	"0"	"0"
"202"	"7"	"161"	"2"	"19"	"7"	"121"	"5"	"0"	"0"	"2"	"0"	"1"	"0"	"0"	"0"	"0"	"1"	"0"	"158"	"0"	"158"	"0"	"0"
"203"	"8"	"162"	"39"	"37"	"25"	"42"	"2"	"1"	"1"	"2"	"11"	"0"	"4"	"1"	"2"	"0"	"0"	"8"	"175"	"0"	"175"	"0"	"0"
"204"	"9"	"163"	"15"	"2"	"70"	"142"	"12"	"0"	"2"	"6"	"74"	"3"	"10"	"3"	"3"	"2"	"4"	"7"	"355"	"0"	"355"	"0"	"0"
"205"	"10"	"164"	"10"	"2"	"33"	"109"	"11"	"0"	"1"	"1"	"64"	"0"	"3"	"1"	"3"	"1"	"2"	"3"	"244"	"0"	"244"	"0"	"0"
"206"	"11"	"165"	"109"	"14"	"70"	"16"	"0"	"0"	"1"	"1"	"2"	"0"	"1"	"1"	"0"	"2"	"3"	"4"	"224"	"0"	"224"	"0"	"0"
"207"	"12"	"166"	"2"	"20"	"23"	"75"	"14"	"1"	"0"	"3"	"87"	"8"	"1"	"0"	"1"	"2"	"1"	"2"	"240"	"0"	"240"	"0"	"0"
"208"	"13"	"167"	"17"	"21"	"68"	"157"	"9"	"1"	"2"	"3"	"47"	"0"	"12"	"5"	"6"	"4"	"0"	"2"	"354"	"0"	"354"	"0"	"0"
"209"	"14"	"168"	"29"	"18"	"56"	"124"	"1"	"1"	"0"	"0"	"0"	"0"	"2"	"0"	"3"	"3"	"0"	"0"	"237"	"0"	"237"	"0"	"0"
"210"	"<U+091F><U+0947><U+092C><U+0941><U+0932>"	"<U+092E><U+0924><U+0926><U+093E><U+0928>"	" <U+0928> <U+0928> <U+0932>f'<U+0916><U+0924> <U+0915><U+0947>  <U+092A>  <U+092E>   <U+0926><U+092F><U+0947> <U+0917><U+090F>  <U+0935> <U+0927><U+092E><U+093E> <U+092F> <U+092E><U+0924>  <U+0915>  <U+0938><U+0902> <U+092F><U+093E>"	""	""	""	""	""	""	""	""	""	""	""	""	""	""	""	"<U+0915><U+0941> <U+0932>"	"  <U+0924> <U+0947> <U+092A><U+0924>"	"<U+092F><U+094B><U+0917>"	" <U+0928> <U+0935><U+0926><U+0924>"	"17 <U+0938><U+0940> <U+092E><U+0947>"
"211"	"<U+0938><U+0902>0"	"<U+0915><U+0947>   <U+0915>  <U+0938><U+0902>0"	""	""	""	""	""	""	""	""	""	""	""	""	""	""	""	""	" <U+0935> <U+0927><U+092E><U+093E>
 <U+092F> <U+092E><U+0924>"	"<U+092E><U+0924><U+094B>
<U+0915>  <U+0938><U+0902> <U+092F><U+093E>"	""	"<U+092E><U+0924><U+094B> <U+0915> 
<U+0938><U+0902> <U+092F><U+093E>"	"<U+0939> <U+0924><U+093E> <U+0930> <U+0915><U+0947>  <U+092C><U+093E><U+0926> <U+092E><U+0924><U+0926><U+093E><U+0928> <U+0938><U+0947> <U+0907><U+0928><U+0915><U+093E><U+0930> <U+0915><U+0930><U+0928><U+0947> <U+0935><U+093E><U+0932>  <U+0915>  <U+0938><U+0902> <U+092F><U+093E>"
"212"	""	""	"<U+0905><U+0935><U+0927><U+0947><U+0936>
<U+0915><U+0941> <U+092E><U+093E><U+0930>  <U+0938><U+0902><U+0939>"	"<U+0909><U+092A><U+0947>  
<U+0915><U+0941> <U+092E><U+093E><U+0930> <U+0936><U+092E><U+093E> "	"<U+0915><U+093E><U+0902> <U+0924>
 <U+0938><U+0902><U+0939>"	"<U+092E><U+0939><U+093E><U+092C><U+0932> 
 <U+0938><U+0902><U+0939>"	"<U+0905><U+091C><U+092F> <U+0915><U+0941> <U+092E><U+093E><U+0930>"	" <U+092F><U+094B> <U+0924> <U+0930><U+093F> <U+092E>"	"<U+092E><U+0941>  <U+0915><U+093E> <U+092F><U+093E><U+0926><U+0935>"	"<U+0930><U+093E><U+091C>
 <U+0915><U+0936><U+094B><U+0930>
 <U+092E> "	"<U+0930><U+093E><U+091C><U+093E> <U+0930><U+093E><U+092E>
 <U+0938><U+0902><U+0939>"	"<U+092E><U+0941>0 <U+0936><U+092E><U+0940><U+0909> <U+0932><U+093E><U+0939>
<U+092E><U+0902><U+0938><U+0942><U+0930> "	"<U+0908>0 <U+0905> <U+0926><U+0941><U+0932> <U+0938><U+0924><U+093E><U+0930>"	"<U+0905><U+092E><U+093E><U+0935><U+0938> <U+0930><U+093E><U+092E>"	" <U+094B>0 <U+0915><U+093E><U+092E><U+0924><U+093E>
 <U+0938><U+093E><U+0926> <U+092F><U+093E><U+0926><U+0935>"	" <U+0917> <U+0930><U+0936> <U+0928><U+093E><U+0930><U+093E><U+092F><U+0923>
 <U+0938><U+0902><U+0939>"	"<U+0938><U+0924><U+0940><U+0936> <U+092A><U+093E> <U+0921><U+0947><U+092F>"	"<U+0939> <U+0930>
 <U+0938><U+093E><U+0926>
 <U+0938><U+0902><U+0939>"	""	""	""	""	""
"213"	"<U+092F><U+094B><U+0917>"	""	"309"	"232"	"800"	"1366"	"74"	"13"	"9"	"22"	"340"	"16"	"52"	"22"	"40"	"24"	"16"	"54"	"3389"	"0"	"3389"	"0"	"0"
"214"	"1"	"169"	"18"	"19"	"148"	"98"	"3"	"4"	"2"	"2"	"9"	"0"	"3"	"1"	"5"	"7"	"3"	"8"	"330"	"0"	"330"	"0"	"0"
"215"	"2"	"170"	"23"	"11"	"75"	"79"	"2"	"0"	"0"	"0"	"12"	"0"	"2"	"0"	"4"	"1"	"1"	"2"	"212"	"0"	"212"	"0"	"0"
"216"	"3"	"171"	"117"	"56"	"54"	"123"	"1"	"46"	"1"	"1"	"19"	"1"	"0"	"1"	"0"	"1"	"1"	"6"	"428"	"0"	"428"	"0"	"0"
"217"	"4"	"172"	"3"	"14"	"627"	"25"	"1"	"1"	"0"	"0"	"22"	"1"	"0"	"0"	"1"	"0"	"0"	"1"	"696"	"0"	"696"	"0"	"0"
"218"	"5"	"173"	"30"	"14"	"49"	"50"	"13"	"1"	"0"	"5"	"102"	"1"	"6"	"1"	"0"	"2"	"1"	"2"	"277"	"0"	"277"	"0"	"0"
"219"	"6"	"174"	"18"	"25"	"17"	"31"	"3"	"1"	"0"	"0"	"27"	"1"	"0"	"1"	"0"	"0"	"2"	"0"	"126"	"0"	"126"	"0"	"0"
"220"	"7"	"175"	"17"	"279"	"7"	"28"	"2"	"1"	"2"	"2"	"6"	"0"	"2"	"1"	"0"	"2"	"2"	"0"	"351"	"0"	"351"	"0"	"0"
"221"	"8"	"176"	"0"	"1"	"0"	"367"	"2"	"1"	"0"	"0"	"1"	"0"	"0"	"0"	"0"	"0"	"0"	"0"	"372"	"0"	"372"	"0"	"0"
"222"	"9"	"177"	"7"	"68"	"98"	"136"	"4"	"1"	"0"	"0"	"0"	"0"	"1"	"0"	"2"	"0"	"1"	"0"	"318"	"0"	"318"	"0"	"0"
"223"	"10"	"178"	"30"	"85"	"37"	"248"	"2"	"5"	"0"	"1"	"8"	"0"	"1"	"1"	"2"	"3"	"0"	"1"	"424"	"0"	"424"	"0"	"0"
"224"	"11"	"179"	"8"	"39"	"3"	"79"	"8"	"0"	"0"	"2"	"27"	"0"	"5"	"1"	"3"	"2"	"3"	"6"	"186"	"0"	"186"	"0"	"0"
"225"	"12"	"180"	"56"	"30"	"1"	"15"	"4"	"0"	"0"	"4"	"107"	"2"	"1"	"0"	"1"	"1"	"0"	"4"	"226"	"0"	"226"	"0"	"0"
"226"	"13"	"181"	"8"	"4"	"2"	"20"	"13"	"2"	"3"	"5"	"153"	"6"	"5"	"2"	"4"	"2"	"1"	"5"	"235"	"0"	"235"	"0"	"0"
"227"	"14"	"182"	"210"	"3"	"5"	"31"	"1"	"0"	"0"	"0"	"76"	"0"	"0"	"0"	"0"	"0"	"3"	"0"	"329"	"0"	"329"	"0"	"0"
"228"	"<U+092F><U+094B><U+0917>"	""	"545"	"648"	"1123"	"1330"	"59"	"63"	"8"	"22"	"569"	"12"	"26"	"9"	"22"	"21"	"18"	"35"	"4510"	"0"	"4510"	"0"	"0"
"229"	"1"	"183"	"6"	"2"	"52"	"24"	"3"	"0"	"1"	"4"	"69"	"1"	"5"	"1"	"0"	"1"	"0"	"0"	"169"	"0"	"169"	"0"	"0"
"230"	"2"	"184"	"14"	"174"	"38"	"63"	"13"	"2"	"5"	"5"	"170"	"3"	"1"	"0"	"1"	"0"	"1"	"0"	"490"	"0"	"490"	"0"	"0"
"231"	"<U+091F><U+0947><U+092C><U+0941><U+0932>"	"<U+092E><U+0924><U+0926><U+093E><U+0928>"	" <U+0928> <U+0928> <U+0932>f'<U+0916><U+0924> <U+0915><U+0947>  <U+092A>  <U+092E>   <U+0926><U+092F><U+0947> <U+0917><U+090F>  <U+0935> <U+0927><U+092E><U+093E> <U+092F> <U+092E><U+0924>  <U+0915>  <U+0938><U+0902> <U+092F><U+093E>"	""	""	""	""	""	""	""	""	""	""	""	""	""	""	""	"<U+0915><U+0941> <U+0932>"	"  <U+0924> <U+0947> <U+092A><U+0924>"	"<U+092F><U+094B><U+0917>"	" <U+0928> <U+0935><U+0926><U+0924>"	"17 <U+0938><U+0940> <U+092E><U+0947>"
"232"	"<U+0938><U+0902>0"	"<U+0915><U+0947>   <U+0915>  <U+0938><U+0902>0"	""	""	""	""	""	""	""	""	""	""	""	""	""	""	""	""	" <U+0935> <U+0927><U+092E><U+093E>
 <U+092F> <U+092E><U+0924>"	"<U+092E><U+0924><U+094B>
<U+0915>  <U+0938><U+0902> <U+092F><U+093E>"	""	"<U+092E><U+0924><U+094B> <U+0915> 
<U+0938><U+0902> <U+092F><U+093E>"	"<U+0939> <U+0924><U+093E> <U+0930> <U+0915><U+0947>  <U+092C><U+093E><U+0926> <U+092E><U+0924><U+0926><U+093E><U+0928> <U+0938><U+0947> <U+0907><U+0928><U+0915><U+093E><U+0930> <U+0915><U+0930><U+0928><U+0947> <U+0935><U+093E><U+0932>  <U+0915>  <U+0938><U+0902> <U+092F><U+093E>"
"233"	""	""	"<U+0905><U+0935><U+0927><U+0947><U+0936>
<U+0915><U+0941> <U+092E><U+093E><U+0930>  <U+0938><U+0902><U+0939>"	"<U+0909><U+092A><U+0947>  
<U+0915><U+0941> <U+092E><U+093E><U+0930> <U+0936><U+092E><U+093E> "	"<U+0915><U+093E><U+0902> <U+0924>
 <U+0938><U+0902><U+0939>"	"<U+092E><U+0939><U+093E><U+092C><U+0932> 
 <U+0938><U+0902><U+0939>"	"<U+0905><U+091C><U+092F> <U+0915><U+0941> <U+092E><U+093E><U+0930>"	" <U+092F><U+094B> <U+0924> <U+0930><U+093F> <U+092E>"	"<U+092E><U+0941>  <U+0915><U+093E> <U+092F><U+093E><U+0926><U+0935>"	"<U+0930><U+093E><U+091C>
 <U+0915><U+0936><U+094B><U+0930>
 <U+092E> "	"<U+0930><U+093E><U+091C><U+093E> <U+0930><U+093E><U+092E>
 <U+0938><U+0902><U+0939>"	"<U+092E><U+0941>0 <U+0936><U+092E><U+0940><U+0909> <U+0932><U+093E><U+0939>
<U+092E><U+0902><U+0938><U+0942><U+0930> "	"<U+0908>0 <U+0905> <U+0926><U+0941><U+0932> <U+0938><U+0924><U+093E><U+0930>"	"<U+0905><U+092E><U+093E><U+0935><U+0938> <U+0930><U+093E><U+092E>"	" <U+094B>0 <U+0915><U+093E><U+092E><U+0924><U+093E>
 <U+0938><U+093E><U+0926> <U+092F><U+093E><U+0926><U+0935>"	" <U+0917> <U+0930><U+0936> <U+0928><U+093E><U+0930><U+093E><U+092F><U+0923>
 <U+0938><U+0902><U+0939>"	"<U+0938><U+0924><U+0940><U+0936> <U+092A><U+093E> <U+0921><U+0947><U+092F>"	"<U+0939> <U+0930>
 <U+0938><U+093E><U+0926>
 <U+0938><U+0902><U+0939>"	""	""	""	""	""
"234"	"3"	"185"	"5"	"16"	"184"	"35"	"4"	"1"	"0"	"4"	"37"	"3"	"2"	"0"	"3"	"0"	"2"	"3"	"299"	"0"	"299"	"0"	"0"
"235"	"4"	"186"	"15"	"7"	"50"	"91"	"2"	"0"	"0"	"0"	"0"	"1"	"0"	"1"	"1"	"2"	"1"	"1"	"172"	"0"	"172"	"0"	"0"
"236"	"5"	"187"	"23"	"21"	"92"	"38"	"3"	"4"	"1"	"2"	"4"	"1"	"0"	"2"	"1"	"2"	"1"	"5"	"200"	"0"	"200"	"0"	"0"
"237"	"6"	"188"	"11"	"37"	"510"	"18"	"0"	"0"	"0"	"0"	"3"	"0"	"0"	"0"	"0"	"0"	"0"	"0"	"579"	"0"	"579"	"0"	"0"
"238"	"7"	"189"	"8"	"2"	"265"	"9"	"1"	"2"	"1"	"1"	"2"	"1"	"1"	"1"	"1"	"1"	"2"	"1"	"299"	"0"	"299"	"0"	"0"
"239"	"8"	"190"	"2"	"4"	"60"	"7"	"0"	"0"	"0"	"2"	"12"	"0"	"0"	"0"	"2"	"2"	"1"	"6"	"98"	"0"	"98"	"0"	"0"
"240"	"9"	"191"	"19"	"49"	"95"	"227"	"8"	"2"	"2"	"6"	"76"	"2"	"10"	"5"	"6"	"3"	"2"	"1"	"513"	"0"	"513"	"0"	"0"
"241"	"10"	"192"	"4"	"2"	"88"	"21"	"2"	"0"	"0"	"2"	"4"	"0"	"0"	"0"	"0"	"2"	"0"	"0"	"125"	"0"	"125"	"0"	"0"
"242"	"11"	"193"	"5"	"17"	"42"	"126"	"4"	"0"	"0"	"2"	"5"	"0"	"1"	"2"	"3"	"1"	"3"	"3"	"214"	"0"	"214"	"0"	"0"
"243"	"12"	"194"	"9"	"4"	"21"	"74"	"4"	"1"	"1"	"1"	"421"	"3"	"5"	"0"	"1"	"0"	"0"	"0"	"545"	"0"	"545"	"0"	"0"
"244"	"13"	"195"	"1"	"9"	"5"	"105"	"2"	"1"	"0"	"0"	"31"	"2"	"1"	"0"	"0"	"0"	"0"	"0"	"157"	"0"	"157"	"0"	"0"
"245"	"14"	"196"	"16"	"26"	"59"	"196"	"10"	"10"	"4"	"7"	"10"	"4"	"8"	"0"	"6"	"4"	"4"	"5"	"369"	"0"	"369"	"0"	"0"
"246"	"<U+092F><U+094B><U+0917>"	""	"138"	"370"	"1561"	"1034"	"56"	"23"	"15"	"36"	"844"	"21"	"34"	"12"	"25"	"18"	"17"	"25"	"4229"	"0"	"4229"	"0"	"0"
"247"	"1"	"197"	"40"	"34"	"111"	"110"	"0"	"2"	"0"	"0"	"2"	"1"	"3"	"0"	"0"	"1"	"0"	"0"	"304"	"0"	"304"	"0"	"0"
"248"	"2"	"198"	"52"	"3"	"123"	"21"	"3"	"0"	"1"	"0"	"1"	"0"	"0"	"1"	"2"	"2"	"0"	"3"	"212"	"0"	"212"	"0"	"0"
"249"	"3"	"199"	"26"	"26"	"127"	"173"	"9"	"3"	"2"	"4"	"18"	"2"	"5"	"4"	"6"	"7"	"1"	"2"	"415"	"0"	"415"	"0"	"0"
"250"	"4"	"200"	"20"	"57"	"98"	"102"	"4"	"3"	"0"	"2"	"45"	"1"	"3"	"1"	"4"	"2"	"1"	"0"	"343"	"0"	"343"	"0"	"0"
"251"	"5"	"201"	"15"	"1"	"72"	"169"	"3"	"0"	"1"	"1"	"46"	"0"	"8"	"0"	"1"	"0"	"0"	"0"	"317"	"0"	"317"	"0"	"0"
"252"	"<U+091F><U+0947><U+092C><U+0941><U+0932>"	"<U+092E><U+0924><U+0926><U+093E><U+0928>"	" <U+0928> <U+0928> <U+0932>f'<U+0916><U+0924> <U+0915><U+0947>  <U+092A>  <U+092E>   <U+0926><U+092F><U+0947> <U+0917><U+090F>  <U+0935> <U+0927><U+092E><U+093E> <U+092F> <U+092E><U+0924>  <U+0915>  <U+0938><U+0902> <U+092F><U+093E>"	""	""	""	""	""	""	""	""	""	""	""	""	""	""	""	"<U+0915><U+0941> <U+0932>"	"  <U+0924> <U+0947> <U+092A><U+0924>"	"<U+092F><U+094B><U+0917>"	" <U+0928> <U+0935><U+0926><U+0924>"	"17 <U+0938><U+0940> <U+092E><U+0947>"
"253"	"<U+0938><U+0902>0"	"<U+0915><U+0947>   <U+0915>  <U+0938><U+0902>0"	""	""	""	""	""	""	""	""	""	""	""	""	""	""	""	""	" <U+0935> <U+0927><U+092E><U+093E>
 <U+092F> <U+092E><U+0924>"	"<U+092E><U+0924><U+094B>
<U+0915>  <U+0938><U+0902> <U+092F><U+093E>"	""	"<U+092E><U+0924><U+094B> <U+0915> 
<U+0938><U+0902> <U+092F><U+093E>"	"<U+0939> <U+0924><U+093E> <U+0930> <U+0915><U+0947>  <U+092C><U+093E><U+0926> <U+092E><U+0924><U+0926><U+093E><U+0928> <U+0938><U+0947> <U+0907><U+0928><U+0915><U+093E><U+0930> <U+0915><U+0930><U+0928><U+0947> <U+0935><U+093E><U+0932>  <U+0915>  <U+0938><U+0902> <U+092F><U+093E>"
"254"	""	""	"<U+0905><U+0935><U+0927><U+0947><U+0936>
<U+0915><U+0941> <U+092E><U+093E><U+0930>  <U+0938><U+0902><U+0939>"	"<U+0909><U+092A><U+0947>  
<U+0915><U+0941> <U+092E><U+093E><U+0930> <U+0936><U+092E><U+093E> "	"<U+0915><U+093E><U+0902> <U+0924>
 <U+0938><U+0902><U+0939>"	"<U+092E><U+0939><U+093E><U+092C><U+0932> 
 <U+0938><U+0902><U+0939>"	"<U+0905><U+091C><U+092F> <U+0915><U+0941> <U+092E><U+093E><U+0930>"	" <U+092F><U+094B> <U+0924> <U+0930><U+093F> <U+092E>"	"<U+092E><U+0941>  <U+0915><U+093E> <U+092F><U+093E><U+0926><U+0935>"	"<U+0930><U+093E><U+091C>
 <U+0915><U+0936><U+094B><U+0930>
 <U+092E> "	"<U+0930><U+093E><U+091C><U+093E> <U+0930><U+093E><U+092E>
 <U+0938><U+0902><U+0939>"	"<U+092E><U+0941>0 <U+0936><U+092E><U+0940><U+0909> <U+0932><U+093E><U+0939>
<U+092E><U+0902><U+0938><U+0942><U+0930> "	"<U+0908>0 <U+0905> <U+0926><U+0941><U+0932> <U+0938><U+0924><U+093E><U+0930>"	"<U+0905><U+092E><U+093E><U+0935><U+0938> <U+0930><U+093E><U+092E>"	" <U+094B>0 <U+0915><U+093E><U+092E><U+0924><U+093E>
 <U+0938><U+093E><U+0926> <U+092F><U+093E><U+0926><U+0935>"	" <U+0917> <U+0930><U+0936> <U+0928><U+093E><U+0930><U+093E><U+092F><U+0923>
 <U+0938><U+0902><U+0939>"	"<U+0938><U+0924><U+0940><U+0936> <U+092A><U+093E> <U+0921><U+0947><U+092F>"	"<U+0939> <U+0930>
 <U+0938><U+093E><U+0926>
 <U+0938><U+0902><U+0939>"	""	""	""	""	""
"255"	"6"	"202"	"16"	"89"	"127"	"279"	"10"	"2"	"3"	"2"	"44"	"4"	"11"	"5"	"12"	"6"	"2"	"6"	"618"	"0"	"618"	"0"	"0"
"256"	"7"	"203"	"27"	"11"	"107"	"246"	"2"	"0"	"0"	"1"	"10"	"0"	"1"	"0"	"2"	"2"	"3"	"1"	"413"	"0"	"413"	"0"	"0"
"257"	"8"	"204"	"4"	"5"	"69"	"117"	"2"	"1"	"2"	"0"	"1"	"1"	"1"	"1"	"4"	"0"	"0"	"3"	"211"	"0"	"211"	"0"	"0"
"258"	"9"	"205"	"9"	"15"	"10"	"406"	"7"	"1"	"0"	"1"	"152"	"5"	"2"	"0"	"1"	"2"	"0"	"0"	"611"	"0"	"611"	"0"	"0"
"259"	"10"	"206"	"31"	"6"	"162"	"134"	"2"	"2"	"3"	"1"	"44"	"4"	"4"	"2"	"2"	"4"	"1"	"8"	"410"	"0"	"410"	"0"	"0"
"260"	"11"	"207"	"36"	"3"	"220"	"43"	"3"	"1"	"2"	"1"	"70"	"2"	"3"	"4"	"2"	"3"	"2"	"3"	"398"	"0"	"398"	"0"	"0"
"261"	"12"	"208"	"56"	"28"	"128"	"287"	"13"	"2"	"3"	"4"	"31"	"9"	"15"	"3"	"16"	"11"	"6"	"14"	"626"	"0"	"626"	"0"	"0"
"262"	"13"	"209"	"39"	"27"	"204"	"220"	"7"	"2"	"3"	"11"	"24"	"5"	"5"	"3"	"5"	"1"	"1"	"8"	"565"	"0"	"565"	"0"	"0"
"263"	"14"	"210"	"83"	"1"	"124"	"127"	"6"	"5"	"3"	"3"	"26"	"2"	"112"	"1"	"5"	"6"	"6"	"12"	"522"	"0"	"522"	"0"	"0"
"264"	"<U+092F><U+094B><U+0917>"	""	"454"	"306"	"1682"	"2434"	"71"	"24"	"23"	"31"	"514"	"36"	"173"	"25"	"62"	"47"	"23"	"60"	"5965"	"0"	"5965"	"0"	"0"
"265"	"1"	"211"	"39"	"15"	"45"	"176"	"5"	"4"	"2"	"1"	"3"	"1"	"71"	"3"	"1"	"1"	"0"	"0"	"367"	"0"	"367"	"0"	"0"
"266"	"2"	"212"	"14"	"3"	"17"	"58"	"1"	"7"	"0"	"0"	"1"	"0"	"1"	"0"	"0"	"0"	"0"	"0"	"102"	"0"	"102"	"0"	"0"
"267"	"3"	"213"	"44"	"9"	"13"	"46"	"2"	"1"	"8"	"1"	"24"	"3"	"108"	"3"	"2"	"1"	"1"	"3"	"269"	"0"	"269"	"0"	"0"
"268"	"4"	"214"	"46"	"1"	"3"	"29"	"0"	"1"	"3"	"1"	"8"	"3"	"207"	"5"	"2"	"0"	"3"	"4"	"316"	"0"	"316"	"0"	"0"
"269"	"5"	"215"	"27"	"13"	"6"	"92"	"1"	"3"	"0"	"0"	"0"	"1"	"1"	"1"	"0"	"1"	"1"	"0"	"147"	"0"	"147"	"0"	"0"
"270"	"6"	"216"	"0"	"25"	"2"	"144"	"3"	"2"	"1"	"1"	"18"	"1"	"0"	"0"	"1"	"0"	"0"	"0"	"198"	"0"	"198"	"0"	"0"
"271"	"7"	"217"	"2"	"6"	"71"	"82"	"2"	"0"	"0"	"1"	"16"	"4"	"2"	"2"	"2"	"4"	"3"	"6"	"203"	"0"	"203"	"0"	"0"
"272"	"8"	"218"	"14"	"4"	"63"	"91"	"8"	"5"	"0"	"4"	"8"	"1"	"1"	"0"	"1"	"1"	"0"	"0"	"201"	"0"	"201"	"0"	"0"
"273"	"<U+091F><U+0947><U+092C><U+0941><U+0932>"	"<U+092E><U+0924><U+0926><U+093E><U+0928>"	" <U+0928> <U+0928> <U+0932>f'<U+0916><U+0924> <U+0915><U+0947>  <U+092A>  <U+092E>   <U+0926><U+092F><U+0947> <U+0917><U+090F>  <U+0935> <U+0927><U+092E><U+093E> <U+092F> <U+092E><U+0924>  <U+0915>  <U+0938><U+0902> <U+092F><U+093E>"	""	""	""	""	""	""	""	""	""	""	""	""	""	""	""	"<U+0915><U+0941> <U+0932>"	"  <U+0924> <U+0947> <U+092A><U+0924>"	"<U+092F><U+094B><U+0917>"	" <U+0928> <U+0935><U+0926><U+0924>"	"17 <U+0938><U+0940> <U+092E><U+0947>"
"274"	"<U+0938><U+0902>0"	"<U+0915><U+0947>   <U+0915>  <U+0938><U+0902>0"	""	""	""	""	""	""	""	""	""	""	""	""	""	""	""	""	" <U+0935> <U+0927><U+092E><U+093E>
 <U+092F> <U+092E><U+0924>"	"<U+092E><U+0924><U+094B>
<U+0915>  <U+0938><U+0902> <U+092F><U+093E>"	""	"<U+092E><U+0924><U+094B> <U+0915> 
<U+0938><U+0902> <U+092F><U+093E>"	"<U+0939> <U+0924><U+093E> <U+0930> <U+0915><U+0947>  <U+092C><U+093E><U+0926> <U+092E><U+0924><U+0926><U+093E><U+0928> <U+0938><U+0947> <U+0907><U+0928><U+0915><U+093E><U+0930> <U+0915><U+0930><U+0928><U+0947> <U+0935><U+093E><U+0932>  <U+0915>  <U+0938><U+0902> <U+092F><U+093E>"
"275"	""	""	"<U+0905><U+0935><U+0927><U+0947><U+0936>
<U+0915><U+0941> <U+092E><U+093E><U+0930>  <U+0938><U+0902><U+0939>"	"<U+0909><U+092A><U+0947>  
<U+0915><U+0941> <U+092E><U+093E><U+0930> <U+0936><U+092E><U+093E> "	"<U+0915><U+093E><U+0902> <U+0924>
 <U+0938><U+0902><U+0939>"	"<U+092E><U+0939><U+093E><U+092C><U+0932> 
 <U+0938><U+0902><U+0939>"	"<U+0905><U+091C><U+092F> <U+0915><U+0941> <U+092E><U+093E><U+0930>"	" <U+092F><U+094B> <U+0924> <U+0930><U+093F> <U+092E>"	"<U+092E><U+0941>  <U+0915><U+093E> <U+092F><U+093E><U+0926><U+0935>"	"<U+0930><U+093E><U+091C>
 <U+0915><U+0936><U+094B><U+0930>
 <U+092E> "	"<U+0930><U+093E><U+091C><U+093E> <U+0930><U+093E><U+092E>
 <U+0938><U+0902><U+0939>"	"<U+092E><U+0941>0 <U+0936><U+092E><U+0940><U+0909> <U+0932><U+093E><U+0939>
<U+092E><U+0902><U+0938><U+0942><U+0930> "	"<U+0908>0 <U+0905> <U+0926><U+0941><U+0932> <U+0938><U+0924><U+093E><U+0930>"	"<U+0905><U+092E><U+093E><U+0935><U+0938> <U+0930><U+093E><U+092E>"	" <U+094B>0 <U+0915><U+093E><U+092E><U+0924><U+093E>
 <U+0938><U+093E><U+0926> <U+092F><U+093E><U+0926><U+0935>"	" <U+0917> <U+0930><U+0936> <U+0928><U+093E><U+0930><U+093E><U+092F><U+0923>
 <U+0938><U+0902><U+0939>"	"<U+0938><U+0924><U+0940><U+0936> <U+092A><U+093E> <U+0921><U+0947><U+092F>"	"<U+0939> <U+0930>
 <U+0938><U+093E><U+0926>
 <U+0938><U+0902><U+0939>"	""	""	""	""	""
"276"	"9"	"219"	"9"	"22"	"86"	"145"	"7"	"3"	"3"	"5"	"46"	"6"	"3"	"4"	"8"	"2"	"1"	"5"	"355"	"0"	"355"	"0"	"0"
"277"	"10"	"220"	"3"	"1"	"66"	"38"	"3"	"1"	"2"	"4"	"52"	"1"	"2"	"2"	"3"	"1"	"2"	"0"	"181"	"0"	"181"	"0"	"0"
"278"	"11"	"221"	"2"	"0"	"247"	"12"	"0"	"4"	"0"	"0"	"10"	"4"	"0"	"0"	"0"	"0"	"0"	"0"	"279"	"0"	"279"	"0"	"0"
"279"	"12"	"222"	"44"	"70"	"142"	"105"	"7"	"5"	"4"	"6"	"18"	"3"	"14"	"4"	"0"	"4"	"2"	"8"	"436"	"0"	"436"	"0"	"0"
"280"	"13"	"223"	"46"	"100"	"46"	"7"	"0"	"0"	"1"	"0"	"3"	"0"	"5"	"1"	"0"	"2"	"0"	"0"	"211"	"0"	"211"	"0"	"0"
"281"	"14"	"224"	"3"	"8"	"4"	"71"	"9"	"2"	"0"	"3"	"194"	"10"	"2"	"0"	"1"	"0"	"3"	"3"	"313"	"0"	"313"	"0"	"0"
"282"	"<U+092F><U+094B><U+0917>"	""	"293"	"277"	"811"	"1096"	"48"	"38"	"24"	"27"	"401"	"38"	"417"	"25"	"21"	"17"	"16"	"29"	"3578"	"0"	"3578"	"0"	"0"
"283"	"1"	"225"	"22"	"10"	"34"	"219"	"3"	"4"	"0"	"2"	"8"	"0"	"3"	"1"	"1"	"0"	"0"	"3"	"310"	"0"	"310"	"0"	"0"
"284"	"2"	"226"	"74"	"49"	"6"	"72"	"0"	"0"	"1"	"0"	"2"	"0"	"2"	"2"	"1"	"0"	"0"	"0"	"209"	"0"	"209"	"0"	"0"
"285"	"3"	"227"	"48"	"84"	"60"	"117"	"15"	"7"	"5"	"3"	"145"	"4"	"4"	"2"	"2"	"5"	"3"	"10"	"514"	"0"	"514"	"0"	"0"
"286"	"4"	"228"	"0"	"0"	"19"	"275"	"3"	"0"	"0"	"0"	"8"	"10"	"1"	"0"	"0"	"0"	"0"	"0"	"316"	"0"	"316"	"0"	"0"
"287"	"5"	"229"	"5"	"3"	"46"	"114"	"9"	"1"	"0"	"1"	"1"	"0"	"7"	"1"	"4"	"1"	"0"	"3"	"196"	"0"	"196"	"0"	"0"
"288"	"6"	"230"	"4"	"14"	"3"	"231"	"3"	"0"	"1"	"0"	"31"	"4"	"0"	"1"	"6"	"2"	"0"	"2"	"302"	"0"	"302"	"0"	"0"
"289"	"7"	"231"	"34"	"101"	"39"	"310"	"6"	"4"	"4"	"1"	"6"	"5"	"6"	"5"	"9"	"6"	"2"	"1"	"539"	"0"	"539"	"0"	"0"
"290"	"8"	"232"	"7"	"3"	"49"	"68"	"8"	"2"	"1"	"4"	"74"	"1"	"8"	"2"	"10"	"4"	"1"	"5"	"247"	"0"	"247"	"0"	"0"
"291"	"9"	"233"	"14"	"26"	"66"	"140"	"14"	"3"	"4"	"7"	"66"	"3"	"12"	"3"	"7"	"4"	"1"	"6"	"376"	"0"	"376"	"0"	"0"
"292"	"10"	"234"	"33"	"1"	"73"	"279"	"2"	"1"	"1"	"1"	"12"	"3"	"4"	"1"	"1"	"0"	"3"	"3"	"418"	"0"	"418"	"0"	"0"
"293"	"11"	"235"	"12"	"0"	"37"	"239"	"2"	"0"	"2"	"0"	"3"	"2"	"1"	"1"	"0"	"0"	"1"	"1"	"301"	"0"	"301"	"0"	"0"
"294"	"<U+091F><U+0947><U+092C><U+0941><U+0932>"	"<U+092E><U+0924><U+0926><U+093E><U+0928>"	" <U+0928> <U+0928> <U+0932>f'<U+0916><U+0924> <U+0915><U+0947>  <U+092A>  <U+092E>   <U+0926><U+092F><U+0947> <U+0917><U+090F>  <U+0935> <U+0927><U+092E><U+093E> <U+092F> <U+092E><U+0924>  <U+0915>  <U+0938><U+0902> <U+092F><U+093E>"	""	""	""	""	""	""	""	""	""	""	""	""	""	""	""	"<U+0915><U+0941> <U+0932>"	"  <U+0924> <U+0947> <U+092A><U+0924>"	"<U+092F><U+094B><U+0917>"	" <U+0928> <U+0935><U+0926><U+0924>"	"17 <U+0938><U+0940> <U+092E><U+0947>"
"295"	"<U+0938><U+0902>0"	"<U+0915><U+0947>   <U+0915>  <U+0938><U+0902>0"	""	""	""	""	""	""	""	""	""	""	""	""	""	""	""	""	" <U+0935> <U+0927><U+092E><U+093E>
 <U+092F> <U+092E><U+0924>"	"<U+092E><U+0924><U+094B>
<U+0915>  <U+0938><U+0902> <U+092F><U+093E>"	""	"<U+092E><U+0924><U+094B> <U+0915> 
<U+0938><U+0902> <U+092F><U+093E>"	"<U+0939> <U+0924><U+093E> <U+0930> <U+0915><U+0947>  <U+092C><U+093E><U+0926> <U+092E><U+0924><U+0926><U+093E><U+0928> <U+0938><U+0947> <U+0907><U+0928><U+0915><U+093E><U+0930> <U+0915><U+0930><U+0928><U+0947> <U+0935><U+093E><U+0932>  <U+0915>  <U+0938><U+0902> <U+092F><U+093E>"
"296"	""	""	"<U+0905><U+0935><U+0927><U+0947><U+0936>
<U+0915><U+0941> <U+092E><U+093E><U+0930>  <U+0938><U+0902><U+0939>"	"<U+0909><U+092A><U+0947>  
<U+0915><U+0941> <U+092E><U+093E><U+0930> <U+0936><U+092E><U+093E> "	"<U+0915><U+093E><U+0902> <U+0924>
 <U+0938><U+0902><U+0939>"	"<U+092E><U+0939><U+093E><U+092C><U+0932> 
 <U+0938><U+0902><U+0939>"	"<U+0905><U+091C><U+092F> <U+0915><U+0941> <U+092E><U+093E><U+0930>"	" <U+092F><U+094B> <U+0924> <U+0930><U+093F> <U+092E>"	"<U+092E><U+0941>  <U+0915><U+093E> <U+092F><U+093E><U+0926><U+0935>"	"<U+0930><U+093E><U+091C>
 <U+0915><U+0936><U+094B><U+0930>
 <U+092E> "	"<U+0930><U+093E><U+091C><U+093E> <U+0930><U+093E><U+092E>
 <U+0938><U+0902><U+0939>"	"<U+092E><U+0941>0 <U+0936><U+092E><U+0940><U+0909> <U+0932><U+093E><U+0939>
<U+092E><U+0902><U+0938><U+0942><U+0930> "	"<U+0908>0 <U+0905> <U+0926><U+0941><U+0932> <U+0938><U+0924><U+093E><U+0930>"	"<U+0905><U+092E><U+093E><U+0935><U+0938> <U+0930><U+093E><U+092E>"	" <U+094B>0 <U+0915><U+093E><U+092E><U+0924><U+093E>
 <U+0938><U+093E><U+0926> <U+092F><U+093E><U+0926><U+0935>"	" <U+0917> <U+0930><U+0936> <U+0928><U+093E><U+0930><U+093E><U+092F><U+0923>
 <U+0938><U+0902><U+0939>"	"<U+0938><U+0924><U+0940><U+0936> <U+092A><U+093E> <U+0921><U+0947><U+092F>"	"<U+0939> <U+0930>
 <U+0938><U+093E><U+0926>
 <U+0938><U+0902><U+0939>"	""	""	""	""	""
"297"	"12"	"236"	"6"	"3"	"14"	"287"	"4"	"2"	"2"	"2"	"7"	"3"	"7"	"1"	"3"	"3"	"2"	"6"	"352"	"0"	"352"	"0"	"0"
"298"	"13"	"237"	"20"	"10"	"30"	"196"	"2"	"2"	"1"	"3"	"18"	"2"	"3"	"0"	"4"	"2"	"1"	"1"	"295"	"0"	"295"	"0"	"0"
"299"	"14"	"238"	"52"	"34"	"129"	"274"	"6"	"1"	"2"	"1"	"12"	"3"	"7"	"4"	"3"	"0"	"1"	"2"	"531"	"0"	"531"	"0"	"0"
"300"	"<U+092F><U+094B><U+0917>"	""	"331"	"338"	"605"	"2821"	"77"	"27"	"24"	"25"	"393"	"40"	"65"	"24"	"51"	"27"	"15"	"43"	"4906"	"0"	"4906"	"0"	"0"
"301"	"1"	"239"	"27"	"2"	"90"	"274"	"4"	"6"	"1"	"2"	"55"	"4"	"10"	"0"	"5"	"1"	"1"	"2"	"484"	"0"	"484"	"0"	"0"
"302"	"2"	"240"	"39"	"3"	"54"	"354"	"6"	"3"	"2"	"1"	"12"	"1"	"8"	"1"	"1"	"4"	"1"	"5"	"495"	"0"	"495"	"0"	"0"
"303"	"3"	"241"	"20"	"8"	"82"	"115"	"5"	"3"	"2"	"0"	"4"	"0"	"3"	"1"	"1"	"4"	"2"	"2"	"252"	"0"	"252"	"0"	"0"
"304"	"4"	"242"	"20"	"98"	"137"	"38"	"4"	"4"	"1"	"5"	"37"	"3"	"4"	"2"	"10"	"8"	"4"	"6"	"381"	"0"	"381"	"0"	"0"
"305"	"5"	"243"	"79"	"64"	"115"	"96"	"1"	"2"	"0"	"2"	"3"	"2"	"1"	"6"	"5"	"1"	"2"	"9"	"388"	"0"	"388"	"0"	"0"
"306"	"6"	"244"	"2"	"1"	"31"	"500"	"4"	"0"	"0"	"0"	"83"	"2"	"4"	"0"	"2"	"0"	"0"	"1"	"630"	"0"	"630"	"0"	"0"
"307"	"7"	"245"	"108"	"11"	"37"	"126"	"15"	"6"	"4"	"6"	"65"	"5"	"4"	"4"	"5"	"3"	"2"	"7"	"408"	"0"	"408"	"0"	"0"
"308"	"8"	"246"	"21"	"15"	"153"	"18"	"2"	"3"	"1"	"1"	"21"	"1"	"1"	"1"	"2"	"2"	"0"	"1"	"243"	"0"	"243"	"0"	"0"
"309"	"9"	"247"	"3"	"41"	"258"	"42"	"2"	"1"	"0"	"0"	"6"	"0"	"0"	"0"	"0"	"0"	"0"	"0"	"353"	"0"	"353"	"0"	"0"
"310"	"10"	"248"	"5"	"12"	"168"	"38"	"1"	"3"	"0"	"1"	"1"	"1"	"4"	"0"	"1"	"6"	"1"	"8"	"250"	"0"	"250"	"0"	"0"
"311"	"11"	"249"	"26"	"1"	"12"	"223"	"6"	"1"	"0"	"0"	"5"	"1"	"4"	"0"	"3"	"0"	"0"	"3"	"285"	"0"	"285"	"0"	"0"
"312"	"12"	"250"	"13"	"1"	"135"	"98"	"4"	"5"	"3"	"1"	"1"	"2"	"4"	"4"	"2"	"1"	"1"	"3"	"278"	"0"	"278"	"0"	"0"
"313"	"13"	"251"	"19"	"0"	"31"	"89"	"5"	"5"	"0"	"0"	"6"	"3"	"7"	"3"	"3"	"3"	"0"	"2"	"176"	"0"	"176"	"0"	"0"
"314"	"14"	"252"	"2"	"1"	"113"	"16"	"0"	"1"	"0"	"0"	"0"	"0"	"0"	"0"	"0"	"1"	"1"	"2"	"137"	"0"	"137"	"0"	"0"
"315"	"<U+091F><U+0947><U+092C><U+0941><U+0932>"	"<U+092E><U+0924><U+0926><U+093E><U+0928>"	" <U+0928> <U+0928> <U+0932>f'<U+0916><U+0924> <U+0915><U+0947>  <U+092A>  <U+092E>   <U+0926><U+092F><U+0947> <U+0917><U+090F>  <U+0935> <U+0927><U+092E><U+093E> <U+092F> <U+092E><U+0924>  <U+0915>  <U+0938><U+0902> <U+092F><U+093E>"	""	""	""	""	""	""	""	""	""	""	""	""	""	""	""	"<U+0915><U+0941> <U+0932>"	"  <U+0924> <U+0947> <U+092A><U+0924>"	"<U+092F><U+094B><U+0917>"	" <U+0928> <U+0935><U+0926><U+0924>"	"17 <U+0938><U+0940> <U+092E><U+0947>"
"316"	"<U+0938><U+0902>0"	"<U+0915><U+0947>   <U+0915>  <U+0938><U+0902>0"	""	""	""	""	""	""	""	""	""	""	""	""	""	""	""	""	" <U+0935> <U+0927><U+092E><U+093E>
 <U+092F> <U+092E><U+0924>"	"<U+092E><U+0924><U+094B>
<U+0915>  <U+0938><U+0902> <U+092F><U+093E>"	""	"<U+092E><U+0924><U+094B> <U+0915> 
<U+0938><U+0902> <U+092F><U+093E>"	"<U+0939> <U+0924><U+093E> <U+0930> <U+0915><U+0947>  <U+092C><U+093E><U+0926> <U+092E><U+0924><U+0926><U+093E><U+0928> <U+0938><U+0947> <U+0907><U+0928><U+0915><U+093E><U+0930> <U+0915><U+0930><U+0928><U+0947> <U+0935><U+093E><U+0932>  <U+0915>  <U+0938><U+0902> <U+092F><U+093E>"
"317"	""	""	"<U+0905><U+0935><U+0927><U+0947><U+0936>
<U+0915><U+0941> <U+092E><U+093E><U+0930>  <U+0938><U+0902><U+0939>"	"<U+0909><U+092A><U+0947>  
<U+0915><U+0941> <U+092E><U+093E><U+0930> <U+0936><U+092E><U+093E> "	"<U+0915><U+093E><U+0902> <U+0924>
 <U+0938><U+0902><U+0939>"	"<U+092E><U+0939><U+093E><U+092C><U+0932> 
 <U+0938><U+0902><U+0939>"	"<U+0905><U+091C><U+092F> <U+0915><U+0941> <U+092E><U+093E><U+0930>"	" <U+092F><U+094B> <U+0924> <U+0930><U+093F> <U+092E>"	"<U+092E><U+0941>  <U+0915><U+093E> <U+092F><U+093E><U+0926><U+0935>"	"<U+0930><U+093E><U+091C>
 <U+0915><U+0936><U+094B><U+0930>
 <U+092E> "	"<U+0930><U+093E><U+091C><U+093E> <U+0930><U+093E><U+092E>
 <U+0938><U+0902><U+0939>"	"<U+092E><U+0941>0 <U+0936><U+092E><U+0940><U+0909> <U+0932><U+093E><U+0939>
<U+092E><U+0902><U+0938><U+0942><U+0930> "	"<U+0908>0 <U+0905> <U+0926><U+0941><U+0932> <U+0938><U+0924><U+093E><U+0930>"	"<U+0905><U+092E><U+093E><U+0935><U+0938> <U+0930><U+093E><U+092E>"	" <U+094B>0 <U+0915><U+093E><U+092E><U+0924><U+093E>
 <U+0938><U+093E><U+0926> <U+092F><U+093E><U+0926><U+0935>"	" <U+0917> <U+0930><U+0936> <U+0928><U+093E><U+0930><U+093E><U+092F><U+0923>
 <U+0938><U+0902><U+0939>"	"<U+0938><U+0924><U+0940><U+0936> <U+092A><U+093E> <U+0921><U+0947><U+092F>"	"<U+0939> <U+0930>
 <U+0938><U+093E><U+0926>
 <U+0938><U+0902><U+0939>"	""	""	""	""	""
"318"	"<U+092F><U+094B><U+0917>"	""	"384"	"258"	"1416"	"2027"	"59"	"43"	"14"	"19"	"299"	"25"	"54"	"22"	"40"	"34"	"15"	"51"	"4760"	"0"	"4760"	"0"	"0"
"319"	"1"	"239"	"27"	"2"	"90"	"274"	"4"	"6"	"1"	"2"	"55"	"4"	"10"	"0"	"5"	"1"	"1"	"2"	"484"	"0"	"484"	"0"	"0"
"320"	"2"	"240"	"39"	"3"	"54"	"354"	"6"	"3"	"2"	"1"	"12"	"1"	"8"	"1"	"1"	"4"	"1"	"5"	"495"	"0"	"495"	"0"	"0"
"321"	"3"	"241"	"20"	"8"	"82"	"115"	"5"	"3"	"2"	"0"	"4"	"0"	"3"	"1"	"1"	"4"	"2"	"2"	"252"	"0"	"252"	"0"	"0"
"322"	"4"	"242"	"20"	"98"	"137"	"38"	"4"	"4"	"1"	"5"	"37"	"3"	"4"	"2"	"10"	"8"	"4"	"6"	"381"	"0"	"381"	"0"	"0"
"323"	"5"	"243"	"79"	"64"	"115"	"96"	"1"	"2"	"0"	"2"	"3"	"2"	"1"	"6"	"5"	"1"	"2"	"9"	"388"	"0"	"388"	"0"	"0"
"324"	"6"	"244"	"2"	"1"	"31"	"500"	"4"	"0"	"0"	"0"	"83"	"2"	"4"	"0"	"2"	"0"	"0"	"1"	"630"	"0"	"630"	"0"	"0"
"325"	"7"	"245"	"108"	"11"	"37"	"126"	"15"	"6"	"4"	"6"	"65"	"5"	"4"	"4"	"5"	"3"	"2"	"7"	"408"	"0"	"408"	"0"	"0"
"326"	"8"	"246"	"21"	"15"	"153"	"18"	"2"	"3"	"1"	"1"	"21"	"1"	"1"	"1"	"2"	"2"	"0"	"1"	"243"	"0"	"243"	"0"	"0"
"327"	"9"	"247"	"3"	"41"	"258"	"42"	"2"	"1"	"0"	"0"	"6"	"0"	"0"	"0"	"0"	"0"	"0"	"0"	"353"	"0"	"353"	"0"	"0"
"328"	"10"	"248"	"5"	"12"	"168"	"38"	"1"	"3"	"0"	"1"	"1"	"1"	"4"	"0"	"1"	"6"	"1"	"8"	"250"	"0"	"250"	"0"	"0"
"329"	"11"	"249"	"26"	"1"	"12"	"223"	"6"	"1"	"0"	"0"	"5"	"1"	"4"	"0"	"3"	"0"	"0"	"3"	"285"	"0"	"285"	"0"	"0"
"330"	"12"	"250"	"13"	"1"	"135"	"98"	"4"	"5"	"3"	"1"	"1"	"2"	"4"	"4"	"2"	"1"	"1"	"3"	"278"	"0"	"278"	"0"	"0"
"331"	"13"	"251"	"19"	"0"	"31"	"89"	"5"	"5"	"0"	"0"	"6"	"3"	"7"	"3"	"3"	"3"	"0"	"2"	"176"	"0"	"176"	"0"	"0"
"332"	"14"	"252"	"2"	"1"	"113"	"16"	"0"	"1"	"0"	"0"	"0"	"0"	"0"	"0"	"0"	"1"	"1"	"2"	"137"	"0"	"137"	"0"	"0"
"333"	"<U+092F><U+094B><U+0917>"	""	"384"	"258"	"1416"	"2027"	"59"	"43"	"14"	"19"	"299"	"25"	"54"	"22"	"40"	"34"	"15"	"51"	"4760"	"0"	"4760"	"0"	"0"
